<?xml version="1.0"?>
<opencv_storage>
<camera_matrix type_id="opencv-matrix">
  <rows>3</rows>
  <cols>3</cols>
  <dt>f</dt>
  <data>
    554.053274261662 0. 332.044878662475 0. 555.876138748621 261.214104826074 0.
    0. 1.</data></camera_matrix>
<distortion_coeffs type_id="opencv-matrix">
  <rows>1</rows>
  <cols>5</cols>
  <dt>f</dt>
  <data>
    -0.375503539129233  0.171451843460363  0.  0.   0.</data></distortion_coeffs>
</opencv_storage>
