<?xml version="1.0"?>
<opencv_storage>
<robotposes type_id="opencv-matrix">
  <rows>1</rows>
  <cols>7</cols>
  <dt>d</dt>
  <data>
    0.139447   0.120357 -0.0257158  0.694712 0.137092 0.694843 -0.125596
  </data>
</robotposes>
</opencv_storage>
