<?xml version="1.0"?>
<opencv_storage>
<robotposes type_id="opencv-matrix">
  <rows>50</rows>
  <cols>7</cols>
  <dt>d</dt>
  <data>
    -1.8538272548971774e-01 4.2650870496039509e-02
    5.9977064649286571e-01 -4.8636115455943152e-01
    2.0565501426390262e-01 8.3059805656433949e-01
    -1.7682112677865489e-01 -1.8926625467123415e-01
    1.9328913400466205e-02 5.9979449589810563e-01
    -4.9992293470945220e-01 1.7543832587672439e-01
    8.1707214666425887e-01 -2.2735778040463209e-01
    -2.0233989472394848e-01 -4.1448873992936730e-02
    5.9288169245890476e-01 -5.2489962774573573e-01
    1.2534099095451293e-01 8.1967322819521782e-01
    -1.9210886434248448e-01 -1.8837831164463303e-01
    2.3471185999094313e-02 5.9995987389492478e-01
    -4.9815676566447792e-01 1.7875418319711428e-01
    8.1678221126128070e-01 -2.2968151466622574e-01
    -1.8973665116072899e-01 1.7153965580560440e-02
    5.4946240368623578e-01 -5.1764755149666630e-01
    1.4041720111573489e-01 8.1928058694827499e-01
    -2.0273959137282352e-01 -2.0007599814776938e-01
    1.3841070950249335e-02 5.4985475334096323e-01
    -4.6943624576641058e-01 1.6054602414985458e-01
    8.4683102394363374e-01 -1.9165542563932084e-01
    -1.9797406773535881e-01 -3.2061460927781324e-02
    5.4983514785370269e-01 -4.8475432592826001e-01
    1.0568436036095051e-01 8.1930749932514391e-01
    -2.8736610972505838e-01 -1.8003385554404991e-01
    -3.4918962792342509e-02 5.4575422414567842e-01
    -6.0842630220280569e-01 2.4502205925194495e-01
    7.2464501188353958e-01 -2.1135570023082290e-01
    -1.7794930094006220e-01 -1.5320282112990405e-01
    7.6041883459085824e-01 -6.1903843275927117e-01
    2.0180917119752487e-01 7.3841460129373038e-01
    -1.7552308618450915e-01 -1.8401114123969622e-01
    -1.5682110456037679e-01 7.3561685501065588e-01
    -5.9834782401727504e-01 1.8235872798615624e-01
    7.6584657588638383e-01 -1.4901073123827172e-01
    -1.8273781938352174e-01 -2.2924601351258356e-01
    7.5141804936589640e-01 -5.8182609318180756e-01
    1.4016069648244153e-01 7.7449054244559579e-01
    -2.0493358952762750e-01 -1.8371828846890029e-01
    -2.1356727066641543e-01 7.5930950271003028e-01
    -5.8916075717436678e-01 9.3910957027737052e-02
    7.8448823293367553e-01 -1.6925881585447961e-01
    -1.9489045366996513e-01 -3.4482845927138134e-01
    8.5091264370348441e-01 -5.9286464562024710e-01
    7.7790378597059187e-02 7.9040896138512373e-01
    -1.3309336096663488e-01 -2.7380704238395093e-01
    -2.8623419239818282e-01 8.5090378243991716e-01
    -5.7864201802738768e-01 1.5074214667492472e-01
    8.0080909833965164e-01 -3.3985411656502255e-02
    -2.4403758431370950e-01 -2.9783241643289354e-01
    8.4685708337250554e-01 7.0078936164693262e-01
    -1.6317578565760757e-01 -6.8910383219917570e-01
    8.6045581094658166e-02 -2.6174480527862282e-01
    -2.9283260275334155e-01 8.4704869464698029e-01
    -6.3156911683926165e-01 1.6086508624851720e-01
    7.5609846174075179e-01 -5.9648896338500575e-02
    -2.7737470891104238e-01 -2.8735362768337219e-01
    8.5019671155774623e-01 -5.6257925702706446e-01
    1.5725404864247186e-01 8.1089906413231716e-01
    -3.4906325182688942e-02 -2.5665116556478151e-01
    -2.1256121902674024e-01 8.8293980788785498e-01
    -5.4867846768665585e-01 1.9750354730001388e-01
    8.0972635168969587e-01 -6.5479182036962180e-02
    -2.7949534680011762e-01 -1.8142529685911840e-01
    8.8299397184600781e-01 -5.3630694397174283e-01
    2.2902067460376327e-01 8.1214595541022527e-01
    -1.8529424236584772e-02 -2.9183943542892438e-01
    -2.1176794651386391e-01 7.9124566939894758e-01
    -5.5391431874984964e-01 1.8601073094088857e-01
    8.1139204483070992e-01 1.4895806261009331e-02
    -2.5088471502773652e-01 -1.5924015892640619e-01
    7.9014636976427366e-01 -6.2179652897949356e-01
    2.1070614627211084e-01 7.5367534860891239e-01
    -3.0748420633327500e-02 -2.3139101447691215e-01
    -1.8646299344647299e-01 7.9013318220237427e-01
    -6.3267783813026723e-01 1.7534924878719130e-01
    7.5074748998381025e-01 -7.3140962337036944e-02
    -1.9453066664709001e-01 -1.3968644275379788e-01
    7.8453873136646102e-01 7.1186824300652907e-01
    -1.8678711272440621e-01 -6.6627960900014649e-01
    1.2010687636221838e-01 -2.7482904666092051e-01
    -4.2989308497800235e-02 6.2882862969908215e-01
    -6.5239548279489756e-01 2.8421425575069326e-01
    6.8966497860437681e-01 -1.3403211608982613e-01
    -2.8019373754054772e-01 2.0952134859567956e-02
    6.2731542041107846e-01 -6.0797174604657234e-01
    3.4499077939263351e-01 7.1393921309256292e-01
    -4.0527992201905033e-02 -2.6932156200800472e-01
    6.2413824016575026e-03 6.3491558080177368e-01
    -6.4564795105489359e-01 3.7721289665744479e-01
    6.5395586642071601e-01 -1.1485155056788807e-01
    -2.6617129552970709e-01 4.1723900151238780e-02
    6.3491305444263957e-01 -6.1928097992511466e-01
    4.1909990591268492e-01 6.6011756057236448e-01
    -7.1352245871866102e-02 -2.4553836415755165e-01
    4.7830125725455572e-02 6.4947214532812403e-01
    -6.5839842566733175e-01 2.6784681208474009e-01
    6.8501442157004233e-01 -1.5976495415416167e-01
    -2.4587222529018471e-01 4.7728375876845225e-02
    7.1047962756470151e-01 -6.1242351821427965e-01
    2.6993849549595517e-01 7.1892511709272200e-01
    -1.8766278000882330e-01 -4.2397949973427107e-01
    -4.9885293570700595e-03 6.4072185588791264e-01
    -6.4383599114793433e-01 2.6862763776060750e-01
    6.9628612804320844e-01 -1.6881953864499763e-01
    -4.3004065443173756e-01 7.5442042713579904e-03
    6.3411019041734784e-01 -6.3156092532916031e-01
    2.2845300994784490e-01 7.3317816015243864e-01
    -1.0672303087258081e-01 -4.3002892889089894e-01
    7.5570661378836779e-03 6.3409867724988134e-01
    -5.8801058718856247e-01 4.7302101064841041e-02
    7.6647896988065267e-01 -2.5400009708601895e-01
    -4.3003492872772331e-01 7.5472152233661827e-03
    6.3410762175198110e-01 -6.1789257638104966e-01
    1.5471269478308794e-01 7.5220393085266668e-01
    -1.6870682421271690e-01 -4.3003102526396769e-01
    7.5564456395191271e-03 6.3411743147774891e-01
    -6.3629119599299477e-01 2.6654328303383568e-01
    7.2020296270061879e-01 -7.3456685799182395e-02
    -4.3004062585990821e-01 7.5524992647062472e-03
    6.3410294253540833e-01 -6.3995337283741360e-01
    3.1851218287839655e-01 6.9878122287609856e-01
    -2.6729618550247844e-02 -4.3003058744721123e-01
    7.5463757913757645e-03 6.3412497603192575e-01
    -5.7007374439193581e-01 -3.0208798541768627e-03
    7.6795062992427832e-01 -2.9199080505859876e-01
    -1.5495473536616583e-01 -1.8880188690456262e-01
    7.0159840251172279e-01 -6.5030190696827794e-01
    2.9854038596191118e-01 6.9671950406829886e-01
    -5.0626084126248180e-02 -1.6624903611740358e-01
    -1.2295621050834840e-01 6.8398563916525301e-01
    -6.4845418202982286e-01 2.8157142424707648e-01
    7.0633532969186386e-01 -3.6264430018851178e-02
    -1.6563273755187169e-01 -1.2653715418024092e-01
    6.5368316469186638e-01 -6.4541594964261284e-01
    2.5867802696167508e-01 7.1849311658088921e-01
    -1.7075471882789860e-02 -1.6228760293457276e-01
    -7.8301305080458017e-02 6.4939520758040048e-01
    7.0098279488899529e-01 -3.3188393499391144e-01
    -6.2595382682731115e-01 8.1596456067738118e-02
    -1.6381076823343457e-01 -6.6920899900785674e-02
    6.5349728244150140e-01 7.0029820444845337e-01
    -3.0558854352606135e-01 -6.4281018779632448e-01
    5.4709499880248105e-02 -1.7982483812419867e-01
    -8.8122939909310694e-02 6.5651132910191123e-01
    -6.2380938830382049e-01 3.0267099612370119e-01
    7.2053163697779765e-01 -9.2884489337565317e-03
    -1.9456442929131729e-01 -8.7648507716453800e-02
    6.6142402142123113e-01 -5.5594018102528953e-01
    3.2665594238315426e-01 7.6420428189688894e-01
    -1.4772472975168411e-02 -2.0129223364032409e-01
    -8.7039379686285889e-02 6.6457185480972836e-01
    -5.2202924654198979e-01 3.3732530280865797e-01
    7.8319585080966359e-01 -1.7359870805301322e-02
