<?xml version="1.0"?>
<opencv_storage>
<handeyeResult type_id="opencv-matrix">
  <rows>1</rows>
  <cols>7</cols>
  <dt>d</dt>
  <data>
    4.4811974901980900e-01 2.1324817909190906e-02
    -8.8436279633062279e-03 8.9367540691461900e-01
    -3.0179831160744786e-02 3.4686620829348695e-02
    5.5280892225204256e-02</data></handeyeResult>
</opencv_storage>
