<?xml version="1.0"?>
<opencv_storage>
<handeyeResult type_id="opencv-matrix">
  <rows>1</rows>
  <cols>7</cols>
  <dt>d</dt>
  <data>
    -1.2360656043091900e-01 7.8351325940699912e-01
    2.2052884840136924e-01 5.6762260135993869e-01 1.6300660619489973e-01
    4.5987774939122683e-01 1.1957463677943710e-01</data></handeyeResult>
</opencv_storage>
