<?xml version="1.0"?>
<opencv_storage>
<handeyeResult type_id="opencv-matrix">
  <rows>1</rows>
  <cols>7</cols>
  <dt>d</dt>
  <data>
    6.8777292074085150e-01 9.9433446283308385e-02 7.0845422506270928e-01
    -1.2318283259699347e-01 -1.3878021337460755e+01
    -5.7277183248702661e+00 8.2951382744845787e+00</data></handeyeResult>
</opencv_storage>
