<?xml version="1.0"?>
<opencv_storage>
<robotposes type_id="opencv-matrix">
  <rows>30</rows>
  <cols>7</cols>
  <dt>d</dt>
  <data>
    -1.4400597889173564e-01 7.0284818381500624e-01
    -2.8634641634761132e-01 -6.3503735196936295e-01
    3.3840344701096542e-01 -9.0715890852535797e-01
    -1.8639973505654994e-01 -1.4362350825796735e-01
    7.0284855308801253e-01 -2.8630972363894835e-01
    -6.3514009592179732e-01 3.9149153815429583e-01
    -9.5020638311010197e-01 -2.0725240411063989e-01
    1.6771030335825995e-01 -6.4483443969712195e-01
    2.7190789088608436e-01 6.9435430322124492e-01 3.2742261293715991e-01
    -9.3075871217302242e-01 -3.5459658498389390e-01
    1.8467529539597460e-01 -5.9865856808935014e-01
    2.5987773767157163e-01 7.3482413922402168e-01 2.6760876144927842e-01
    -9.0566609484265281e-01 -4.5547702355301845e-01
    -1.5260653928794857e-01 6.8425489616077539e-01
    -2.8302522827721160e-01 -6.5452517247634923e-01
    3.7284780683848578e-01 -9.0725018503214871e-01
    -4.3341058493170215e-02 -1.5256539590057219e-01
    6.8421000274527088e-01 -2.8310152509664199e-01
    -6.5454869842126628e-01 3.7926990311279268e-01
    -9.1190164054086598e-01 -4.2489434347990296e-02
    2.0480354666961917e-01 -5.3973746712103421e-01
    2.4537877102479710e-01 7.7879922482477859e-01 2.1853114773492416e-01
    -9.4348494950888684e-01 -3.3889712334823380e-01
    2.1582538257024261e-01 -5.5627747992071219e-01
    2.7504317835484099e-01 7.5387400778375235e-01 6.2897027114684367e-02
    -9.0532864082224696e-01 -2.4204782908771849e-01
    1.8139208319879560e-01 -6.4320214471390469e-01
    2.9944645609185039e-01 6.8096970059046380e-01 1.1643408315645443e-01
    -8.7553243125281388e-01 -1.8109275210325065e-01
    -1.5562308941091710e-01 6.9858438254272193e-01
    -3.1447965696831781e-01 -6.2358949627354610e-01
    1.8050863833043979e-01 -9.0338342497344692e-01
    -6.2519161396851319e-02 -1.5585175368560106e-01
    6.9866120673799759e-01 -3.1418973264823880e-01
    -6.2359246385035472e-01 1.2631869253194625e-01
    -8.6064340346976254e-01 -7.5557795478499640e-02
    2.4822713154500498e-01 -4.5760875332647943e-01
    2.4456245996751935e-01 8.1802611401993741e-01
    -6.5706385407259926e-02 -7.6492746758258134e-01
    -3.7030406286597850e-01 2.4798317444097287e-01
    -4.5766814847493359e-01 2.4411943401832556e-01
    8.1819918907334332e-01 -9.3347990397111488e-02
    -7.5278644492595104e-01 -4.2544402815872789e-01
    2.4779941877447489e-01 -4.5764425282128701e-01
    2.4429423743449005e-01 8.1821605427355149e-01
    -6.3532611923538929e-02 -7.8261250833848073e-01
    -4.4679396558613776e-01 2.2033725976901219e-01
    -5.4430282965234744e-01 2.7062053421710786e-01
    7.6285676771591771e-01 -3.7681134194866711e-02
    -7.9082099402891082e-01 -3.1266563372643097e-01
    -1.7088502350395818e-01 6.6769160135193828e-01
    -3.0592082612580812e-01 -6.5680947189321148e-01
    6.4709419570189497e-02 -8.4111326687994148e-01
    -1.1528883382170302e-01 -2.1752580491692156e-01
    6.5405213240012006e-01 -3.5043791552116138e-01
    -6.3410693078004166e-01 -3.5881299794635696e-02
    -8.1454278576201256e-01 -1.4256953184906804e-01
    -1.8744313039346852e-01 6.6331320501940039e-01
    -3.2173688599317218e-01 -6.4912713786022269e-01
    3.4102613592507297e-02 -8.1414066384266115e-01
    -1.4532008535570692e-01 -2.0856473316402005e-01
    6.8323490854350444e-01 -3.6212986585333279e-01
    -5.9879276221812949e-01 -2.6528320616450135e-02
    -8.2208720756605014e-01 -9.2393886936779038e-02
    -2.0844943413988787e-01 6.8320551181964062e-01
    -3.6229263550824736e-01 -5.9876799203239961e-01
    -3.5111877652768131e-03 -8.4684763671212226e-01
    -8.5269165303932484e-02 2.9773927670592659e-01
    -4.9521972253793101e-01 2.9020607349292687e-01
    7.6281661257729849e-01 -1.6459866409660207e-01
    -7.2712420832224944e-01 -3.8485470313434339e-01
    3.2761004414290235e-01 -4.0826434094333774e-01
    2.5476196313112387e-01 8.1307332328170967e-01
    -2.4792984065483484e-01 -6.5003007288005965e-01
    -4.6908819773484256e-01 3.2770257566453898e-01
    -4.0812884992915432e-01 2.5467128130052752e-01
    8.1313246291061370e-01 -2.7268907858353214e-01
    -6.7170779919630785e-01 -4.6441483205440826e-01
    3.2770858319087565e-01 -4.0831955830814126e-01
    2.5467195093445955e-01 8.1303408305759839e-01
    -2.5903775051071820e-01 -6.0578064266982667e-01
    -4.4603306899475575e-01 3.6028245575727375e-01
    -2.8872837643401034e-01 2.0410829672076047e-01
    8.6323361839367596e-01 -3.8550612166921477e-01
    -4.7728012197924063e-01 -5.2225337764171975e-01
    3.6045397632335585e-01 -2.8859210519675299e-01
    2.0487916338024786e-01 8.6302494528454843e-01
    -3.2476715416307617e-01 -5.3318571068825671e-01
    -4.5103379157598833e-01 3.7993448682110403e-01
    -2.6330313160236529e-01 2.6215523777610827e-01
    8.4711031036041817e-01 -4.1688790035845008e-01
    -4.9054053071358777e-01 -3.3824452306058223e-01
    4.0820919506857711e-01 -3.6662736645363669e-01
    2.6507095775024936e-01 7.9289785886083752e-01
    -3.4633614604245150e-01 -5.7601565352297146e-01
    -3.7976844358553574e-01 -2.6878444004977242e-01
    6.5280014677979981e-01 -4.0892733442482593e-01
    -5.7826060587905237e-01 -1.9448921022816784e-01
    -7.5025994954811437e-01 -5.9237160186983849e-02
    -2.6863606818124813e-01 6.5288291318283365e-01
    -4.0852383356263594e-01 -5.7852125454239289e-01
    -2.0488878486292317e-01 -7.4568793223141838e-01
    -1.2082963892232078e-01</data></robotposes>
</opencv_storage>
