%YAML:1.0
---
ArmTipToMarkerTagTransform: !!opencv-matrix
   rows: 4
   cols: 4
   dt: d
   data: [ 3.5635061331472340e-01, -1.3934896652519509e-02,
       9.3424839258384840e-01, 6.9480965205784867e-02,
       7.9732258155367983e-03, 9.9989772611132532e-01,
       1.1872867703105770e-02, -9.0988707516438260e-04,
       -9.3431829055216264e-01, 3.2180697140669796e-03,
       3.5642527402949487e-01, -7.1388191552291050e-02, 0., 0., 0., 1. ]
