%YAML:1.0
---
frameCount: 72
T1_0: !!opencv-matrix
   rows: 4
   cols: 4
   dt: d
   data: [ 3.8076739943649085e-01, -7.2358829508582800e-01,
       5.7570493027344893e-01, -1.4961117643930781e+00,
       -8.5621228379799674e-01, -4.0801768684678885e-02,
       5.1501042780279804e-01, -2.6775482972565695e-01,
       -3.4916573800960304e-01, -6.8902481442034214e-01,
       -6.3508117001941011e-01, 1.2178361921451373e+00, 0., 0., 0., 1. ]
T2_0: !!opencv-matrix
   rows: 4
   cols: 4
   dt: d
   data: [ -3.8662842235040973e-01, -7.1736904409972957e-01,
       5.7956890668692163e-01, -1.5834577494163666e+00,
       -8.0464438340967348e-01, -4.4676051788891558e-02,
       -5.9207386924590988e-01, 1.2866349967336002e+00,
       4.5062831610774290e-01, -6.9525945154596547e-01,
       -5.5995394074682947e-01, 1.2451808097975210e+00, 0., 0., 0., 1. ]
T1_1: !!opencv-matrix
   rows: 4
   cols: 4
   dt: d
   data: [ 3.1879019533548048e-01, -7.6568647863025929e-01,
       5.5865644881336496e-01, -1.6091513922136755e+00,
       -8.5980834686884999e-01, 1.4427646204516642e-02,
       5.1041301872077349e-01, -2.2100258760660951e-01,
       -3.9887644454470050e-01, -6.4305214366160934e-01,
       -6.5374423325914521e-01, 1.4575038386404646e+00, 0., 0., 0., 1. ]
T2_1: !!opencv-matrix
   rows: 4
   cols: 4
   dt: d
   data: [ -3.9305550739435446e-01, -7.5956167710177969e-01,
       5.1824070352038010e-01, -1.7052499543405717e+00,
       -8.0215406392461208e-01, 7.7236166950076512e-03,
       -5.9706716831054962e-01, 1.3266165473806804e+00,
       4.4950664715462907e-01, -6.5038942520883636e-01,
       -6.1232129616756215e-01, 1.4812014761290211e+00, 0., 0., 0., 1. ]
T1_2: !!opencv-matrix
   rows: 4
   cols: 4
   dt: d
   data: [ 3.8428516400233792e-01, -7.0239154436379336e-01,
       5.9914191234960479e-01, -1.6196666666469004e+00,
       -8.9718405220822106e-01, -1.3110490108574235e-01,
       4.2174907394626671e-01, -6.2768713520381547e-02,
       -2.1768254222820049e-01, -6.9961248081887650e-01,
       -6.8055616042434330e-01, 1.1618656533204421e+00, 0., 0., 0., 1. ]
T2_2: !!opencv-matrix
   rows: 4
   cols: 4
   dt: d
   data: [ -4.0984466729804492e-01, -6.9036998566698071e-01,
       5.9616829132177751e-01, -1.7193468780194099e+00,
       -7.3688998281872120e-01, -1.3461681956333726e-01,
       -6.6247374673422099e-01, 1.4890972991633964e+00,
       5.3760627033990194e-01, -7.1082177427314708e-01,
       -4.5355474125004536e-01, 1.1963038696700914e+00, 0., 0., 0., 1. ]
T1_3: !!opencv-matrix
   rows: 4
   cols: 4
   dt: d
   data: [ 1.3196458501649966e-01, -8.3811232369824185e-01,
       5.2929489055398649e-01, -1.5935095867604139e+00,
       -7.9402585696186512e-01, 2.3026662041148005e-01,
       5.6258352446570203e-01, -4.1045011531383219e-01,
       -5.9338713061322701e-01, -4.9451493040090183e-01,
       -6.3509581704904372e-01, 1.4526370349207252e+00, 0., 0., 0., 1. ]
T2_3: !!opencv-matrix
   rows: 4
   cols: 4
   dt: d
   data: [ -4.3356304098636622e-01, -8.3625333776110211e-01,
       3.3571333690229060e-01, -1.6958312791920411e+00,
       -8.2397939857924563e-01, 2.1708725315943544e-01,
       -5.2338425199147520e-01, 1.1382501441160207e+00,
       3.6480274150236242e-01, -5.0354094133357952e-01,
       -7.8317653194746173e-01, 1.4559111531262787e+00, 0., 0., 0., 1. ]
T1_4: !!opencv-matrix
   rows: 4
   cols: 4
   dt: d
   data: [ 4.8684330552808786e-01, -7.6967981531310570e-01,
       4.1300917394419745e-01, -1.6042117627977472e+00,
       -8.6050949637309282e-01, -3.4140115357368361e-01,
       3.7811196620879961e-01, -1.5574476546351257e-01,
       -1.5002333989820102e-01, -5.3947959575700510e-01,
       -8.2852565636053033e-01, 1.4158351171959458e+00, 0., 0., 0., 1. ]
T2_4: !!opencv-matrix
   rows: 4
   cols: 4
   dt: d
   data: [ -2.0063748879606469e-01, -7.5443952460560471e-01,
       6.2495247963543454e-01, -1.6795918612978100e+00,
       -6.8197593732562500e-01, -3.5041528196383687e-01,
       -6.4196413534950669e-01, 1.3971468776645120e+00,
       7.0331601645237984e-01, -5.5500462509701110e-01,
       -4.4420315973941693e-01, 1.4641194802652777e+00, 0., 0., 0., 1. ]
T1_5: !!opencv-matrix
   rows: 4
   cols: 4
   dt: d
   data: [ 1.7710525112620468e-01, -7.2759515945468134e-01,
       6.6275109502862450e-01, -1.6847215834031166e+00,
       -8.7286659738658867e-01, 1.9497977954615697e-01,
       4.4731061773100234e-01, -1.5880337924196508e-01,
       -4.5468410263641601e-01, -6.5771435251653798e-01,
       -6.0056156828710616e-01, 1.2222678004216290e+00, 0., 0., 0., 1. ]
T2_5: !!opencv-matrix
   rows: 4
   cols: 4
   dt: d
   data: [ -5.4439804621684917e-01, -7.2152289658370250e-01,
       4.2782645661616164e-01, -1.7976383270648975e+00,
       -7.4818318590910893e-01, 1.8705469991771728e-01,
       -6.3657871434849933e-01, 1.3930132380570170e+00,
       3.7927916842106230e-01, -6.6664476968184205e-01,
       -6.4166351264324728e-01, 1.2258774259699761e+00, 0., 0., 0., 1. ]
T1_6: !!opencv-matrix
   rows: 4
   cols: 4
   dt: d
   data: [ 3.1148824566725730e-01, -6.7123997014414227e-01,
       6.7261577092127811e-01, -1.6961351887458656e+00,
       -8.5114489727172282e-01, 1.1765196493753338e-01,
       5.1157636672802376e-01, -2.6602998425263075e-01,
       -4.2252507222582958e-01, -7.3184350624107353e-01,
       -5.3467527127531245e-01, 1.0778220065924069e+00, 0., 0., 0., 1. ]
T2_6: !!opencv-matrix
   rows: 4
   cols: 4
   dt: d
   data: [ -4.9947730266850732e-01, -6.6729218087677356e-01,
       5.5248852427875073e-01, -1.7966676853382095e+00,
       -8.0161057261535928e-01, 1.1412900011883076e-01,
       -5.8685182218610499e-01, 1.2785516167003170e+00,
       3.2854666942501237e-01, -7.3599980752211835e-01,
       -5.9191331234998956e-01, 1.0889965775381545e+00, 0., 0., 0., 1. ]
T1_7: !!opencv-matrix
   rows: 4
   cols: 4
   dt: d
   data: [ 2.4485866222680253e-01, -7.6134821377829631e-01,
       6.0032752136571099e-01, -1.7196848191728111e+00,
       -8.7288579250011034e-01, 9.6414897153445644e-02,
       4.7830383738617943e-01, -1.5422060438450841e-01,
       -4.2203628846813046e-01, -6.4113420200726146e-01,
       -6.4096201621668403e-01, 1.2333345031775780e+00, 0., 0., 0., 1. ]
T2_7: !!opencv-matrix
   rows: 4
   cols: 4
   dt: d
   data: [ -4.5895068032695896e-01, -7.5617284343252023e-01,
       4.6644067563045838e-01, -1.8265466470228626e+00,
       -7.7732021634573767e-01, 8.7497767275488414e-02,
       -6.2299070778144017e-01, 1.3921441195847615e+00,
       4.3027613725099462e-01, -6.4849577606718578e-01,
       -6.2794559806991357e-01, 1.2540005877798630e+00, 0., 0., 0., 1. ]
T1_8: !!opencv-matrix
   rows: 4
   cols: 4
   dt: d
   data: [ 2.0643775029252009e-01, -9.2817760655846349e-01,
       3.0962846435294855e-01, -1.2307729075314853e+00,
       -8.7502889338845669e-01, -3.3524624655936641e-02,
       4.8290841292842623e-01, -3.2677846186461440e-01,
       -4.3784459684862620e-01, -3.7062437888660349e-01,
       -8.1910297202817128e-01, 1.6610537356531190e+00, 0., 0., 0., 1. ]
T2_8: !!opencv-matrix
   rows: 4
   cols: 4
   dt: d
   data: [ -2.0393306883184104e-01, -9.2280896526786738e-01,
       3.2685611063291409e-01, -1.3120423150067104e+00,
       -7.7868825603380520e-01, -4.9452103025226624e-02,
       -6.2545910291674045e-01, 1.2300023759420546e+00,
       5.9334298963740950e-01, -3.8207080904935742e-01,
       -7.0849558468667295e-01, 1.6962357392511886e+00, 0., 0., 0., 1. ]
T1_9: !!opencv-matrix
   rows: 4
   cols: 4
   dt: d
   data: [ 2.0203100727524259e-01, -8.9923387488088324e-01,
       3.8802307968220545e-01, -1.5368163646858530e+00,
       -7.9084629727984712e-01, 8.3913255058810199e-02,
       6.0623485523697085e-01, -5.4307743108705286e-01,
       -5.7770719761667055e-01, -4.2934485427468133e-01,
       -6.9420270089488012e-01, 1.6014571666446584e+00, 0., 0., 0., 1. ]
T2_9: !!opencv-matrix
   rows: 4
   cols: 4
   dt: d
   data: [ -2.7489340241096194e-01, -8.9545607178631359e-01,
       3.5013146218520458e-01, -1.6211433285269323e+00,
       -8.6238179927313396e-01, 6.8614912174968512e-02,
       -5.0158710720038779e-01, 9.9850796800485830e-01,
       4.2512498114478875e-01, -4.3982998684519642e-01,
       -7.9108680502104023e-01, 1.6126587753059169e+00, 0., 0., 0., 1. ]
T1_10: !!opencv-matrix
   rows: 4
   cols: 4
   dt: d
   data: [ 3.6755294607207512e-01, -8.4351383942731506e-01,
       3.9164937703043540e-01, -1.5117126171637885e+00,
       -7.7264743193793362e-01, -4.2578824226315204e-02,
       6.3340586486645434e-01, -7.1353009107626519e-01,
       -5.1761064300635717e-01, -5.3541707707365360e-01,
       -6.6738877412228881e-01, 1.6457068592984168e+00, 0., 0., 0., 1. ]
T2_10: !!opencv-matrix
   rows: 4
   cols: 4
   dt: d
   data: [ -2.1726451226944565e-01, -8.3817483248071756e-01,
       5.0025901481556689e-01, -1.5735391635981635e+00,
       -8.7994982267596999e-01, -5.3634444296813744e-02,
       -4.7202929565600210e-01, 8.3178736254076369e-01,
       4.2247419007656495e-01, -5.4275804607660438e-01,
       -7.2589893383187820e-01, 1.6591074397054664e+00, 0., 0., 0., 1. ]
T1_11: !!opencv-matrix
   rows: 4
   cols: 4
   dt: d
   data: [ 2.3219634566887404e-01, -7.0822424191620503e-01,
       6.6671079203822514e-01, -1.8172721163166898e+00,
       -8.9017557137647785e-01, 1.2152284378619571e-01,
       4.3911234389695430e-01, -2.0217813880829544e-01,
       -3.9201059830390039e-01, -6.9544994183645781e-01,
       -6.0222675896798661e-01, 1.5129455604679358e+00, 0., 0., 0., 1. ]
T2_11: !!opencv-matrix
   rows: 4
   cols: 4
   dt: d
   data: [ -5.2476146980426863e-01, -7.0363909788130519e-01,
       4.7907976344409209e-01, -1.9267434694342869e+00,
       -7.5004623892933520e-01, 1.1604596693872060e-01,
       -6.5112515926296100e-01, 1.3395170373275758e+00,
       4.0256184528196781e-01, -7.0101737031976641e-01,
       -5.8865831110512401e-01, 1.5322605816475567e+00, 0., 0., 0., 1. ]
T1_12: !!opencv-matrix
   rows: 4
   cols: 4
   dt: d
   data: [ 4.3905759309474002e-01, -7.9292146399687091e-01,
       4.2249731582450650e-01, -1.7780342896978545e+00,
       -8.7049187016696306e-01, -2.5900725204759345e-01,
       4.1852018751785136e-01, -1.5252485292195950e-01,
       -2.2242377102970995e-01, -5.5153494478574372e-01,
       -8.0395078876826132e-01, 1.3727159885106592e+00, 0., 0., 0., 1. ]
T2_12: !!opencv-matrix
   rows: 4
   cols: 4
   dt: d
   data: [ -2.2797556880860603e-01, -7.7761402489572840e-01,
       5.8595526135692211e-01, -1.8672490504404091e+00,
       -7.1990655283365412e-01, -2.7056946972589224e-01,
       -6.3916094783662691e-01, 1.3938717023267568e+00,
       6.5556212155184679e-01, -5.6754611296150714e-01,
       -4.9812620333478419e-01, 1.4167872290222254e+00, 0., 0., 0., 1. ]
T1_13: !!opencv-matrix
   rows: 4
   cols: 4
   dt: d
   data: [ 1.9843022467474147e-01, -8.4350352801129047e-01,
       4.9912648113282621e-01, -1.6584917351749375e+00,
       -6.9268685132395091e-01, 2.3959097523446871e-01,
       6.8028015595716662e-01, -7.8487091001009024e-01,
       -6.9340491196590337e-01, -4.8072649481664953e-01,
       -5.3674171185296871e-01, 1.5915319485575381e+00, 0., 0., 0., 1. ]
T2_13: !!opencv-matrix
   rows: 4
   cols: 4
   dt: d
   data: [ -3.7759007005318623e-01, -8.4441586534453761e-01,
       3.7998366458528926e-01, -1.7404423872822239e+00,
       -8.9470833225879332e-01, 2.2697379895395975e-01,
       -3.8468154982413194e-01, 7.5745855505196524e-01,
       2.3858486788545191e-01, -4.8522648417295111e-01,
       -8.4120896326254035e-01, 1.5858983038114363e+00, 0., 0., 0., 1. ]
T1_14: !!opencv-matrix
   rows: 4
   cols: 4
   dt: d
   data: [ 2.4313363393873599e-01, -9.2474773920904330e-01,
       2.9279285318379566e-01, -1.5611296457458106e+00,
       -8.0533175387850831e-01, -2.4193729483957371e-02,
       5.9233050710614465e-01, -6.2192698341292674e-01,
       -5.4067254622618877e-01, -3.7981085066308995e-01,
       -7.5061102808036972e-01, 1.7253684054342617e+00, 0., 0., 0., 1. ]
T2_14: !!opencv-matrix
   rows: 4
   cols: 4
   dt: d
   data: [ -1.7215938246175799e-01, -9.1904385713714887e-01,
       3.5456950755649891e-01, -1.6339807474463814e+00,
       -8.5250485349676652e-01, -4.1339805352442527e-02,
       -5.2108204273212000e-01, 9.1840943179027512e-01,
       4.9355508486372918e-01, -3.9198138878254696e-01,
       -7.7637231342524249e-01, 1.7439426655871704e+00, 0., 0., 0., 1. ]
T1_15: !!opencv-matrix
   rows: 4
   cols: 4
   dt: d
   data: [ 1.5667733258291350e-01, -7.9019535571830946e-01,
       5.9248925159526522e-01, -1.6513582988733733e+00,
       -8.4629598842055742e-01, 2.0184541865245698e-01,
       4.9299242078584343e-01, -3.3376925605874752e-01,
       -5.0915156234462733e-01, -5.7866201427969044e-01,
       -6.3711455782441240e-01, 1.4399446690832765e+00, 0., 0., 0., 1. ]
T2_15: !!opencv-matrix
   rows: 4
   cols: 4
   dt: d
   data: [ -4.8631671822691991e-01, -7.8407834434049262e-01,
       3.8563869036867982e-01, -1.7610437982099858e+00,
       -7.7978413136979019e-01, 1.9031126619659311e-01,
       -5.9642126925731886e-01, 1.2166375539675376e+00,
       3.9424961387027435e-01, -5.9076456553767798e-01,
       -7.0396340108575117e-01, 1.4393803072297970e+00, 0., 0., 0., 1. ]
T1_16: !!opencv-matrix
   rows: 4
   cols: 4
   dt: d
   data: [ 1.5929743527886897e-01, -7.9296654785063136e-01,
       5.8807174826157638e-01, -1.6660091748246997e+00,
       -8.0424529426210456e-01, 2.4123178343506513e-01,
       5.4313601732715033e-01, -4.3066348098616791e-01,
       -5.7255028929416774e-01, -5.5947411079565612e-01,
       -5.9931201020718294e-01, 1.6272554326555473e+00, 0., 0., 0., 1. ]
T2_16: !!opencv-matrix
   rows: 4
   cols: 4
   dt: d
   data: [ -4.7623805834164301e-01, -7.9334911640881023e-01,
       3.7920244102634992e-01, -1.7736713779502882e+00,
       -8.1181491512038706e-01, 2.3099218046712022e-01,
       -5.3628272035478108e-01, 1.1130562880461423e+00,
       3.3786662364764741e-01, -5.6324043893918496e-01,
       -7.5405991311601617e-01, 1.6474767481862189e+00, 0., 0., 0., 1. ]
T1_17: !!opencv-matrix
   rows: 4
   cols: 4
   dt: d
   data: [ 1.5560710634996966e-01, -7.5214527108757379e-01,
       6.4036233464655745e-01, -1.6617293642455235e+00,
       -8.6968017484787441e-01, 2.0310729720668630e-01,
       4.4989311986066804e-01, -2.2916004806820567e-01,
       -4.6844724562106227e-01, -6.2691699370968978e-01,
       -6.2252089207354722e-01, 1.3180459762792744e+00, 0., 0., 0., 1. ]
T2_17: !!opencv-matrix
   rows: 4
   cols: 4
   dt: d
   data: [ -5.2862549919847068e-01, -7.4969353494210811e-01,
       3.9813902755592062e-01, -1.7744437176575474e+00,
       -7.5089859959426963e-01, 1.9426484913193875e-01,
       -6.3119922490376212e-01, 1.3208870611903074e+00,
       3.9586156004913237e-01, -6.3263004359400399e-01,
       -6.6563717836199343e-01, 1.3361956660938370e+00, 0., 0., 0., 1. ]
T1_18: !!opencv-matrix
   rows: 4
   cols: 4
   dt: d
   data: [ 3.2966759695385150e-01, -7.0360999261026214e-01,
       6.2948570580884500e-01, -1.6135880997862797e+00,
       -8.6423510672850212e-01, 4.3478101687580595e-02,
       5.0120588082305961e-01, -2.1425121507889172e-01,
       -3.8002230963016831e-01, -7.0925498445385016e-01,
       -5.9375113575531069e-01, 9.3829157427809684e-01, 0., 0., 0., 1. ]
T2_18: !!opencv-matrix
   rows: 4
   cols: 4
   dt: d
   data: [ -4.5482332784077295e-01, -6.9643737958803775e-01,
       5.5507721693868162e-01, -1.7084236930344232e+00,
       -7.9610961417210169e-01, 3.8576453893021001e-02,
       -6.0392163351529904e-01, 1.3346962911677731e+00,
       3.9918068925562067e-01, -7.1657995612324177e-01,
       -5.7198596469478225e-01, 9.5158280522627103e-01, 0., 0., 0., 1. ]
T1_19: !!opencv-matrix
   rows: 4
   cols: 4
   dt: d
   data: [ 2.3347810353998566e-01, -8.3040855752315557e-01,
       5.0587508612273424e-01, -1.6278625268536704e+00,
       -8.2534654980774025e-01, 1.0581472006847648e-01,
       5.5462268051107455e-01, -2.5946477191925732e-01,
       -5.1409245072052101e-01, -5.4701450859108114e-01,
       -6.6066941771435639e-01, 1.4771031231209109e+00, 0., 0., 0., 1. ]
T2_19: !!opencv-matrix
   rows: 4
   cols: 4
   dt: d
   data: [ -3.7621407974202903e-01, -8.2618048367188979e-01,
       4.1939095674983295e-01, -1.7250610676327272e+00,
       -8.2691657079355618e-01, 9.5220771019294825e-02,
       -5.5420392430360543e-01, 1.2902037798886345e+00,
       4.1793773597377337e-01, -5.5530065114870264e-01,
       -7.1900572715587119e-01, 1.4906356385723531e+00, 0., 0., 0., 1. ]
T1_20: !!opencv-matrix
   rows: 4
   cols: 4
   dt: d
   data: [ 8.9556426050231064e-02, -5.8632788377454592e-01,
       8.0510822829081319e-01, -1.6520168136061044e+00,
       -9.6405583369007120e-01, 1.5199643306506128e-01,
       2.1792988290649890e-01, 1.0467635803081637e-01,
       -2.5015194598733681e-01, -7.9568630567828746e-01,
       -5.5164055949031487e-01, 9.2213327950958246e-01, 0., 0., 0., 1. ]
T2_20: !!opencv-matrix
   rows: 4
   cols: 4
   dt: d
   data: [ -7.0959919482220490e-01, -5.7914328839993401e-01,
       4.0132534708013379e-01, -1.7900847918883265e+00,
       -5.7631367100677655e-01, 1.4936093292382813e-01,
       -8.0346366708571015e-01, 1.6676435545748389e+00,
       4.0537826202002003e-01, -8.0142645527673639e-01,
       -4.3975459231734426e-01, 9.4722364276361815e-01, 0., 0., 0., 1. ]
T1_21: !!opencv-matrix
   rows: 4
   cols: 4
   dt: d
   data: [ 1.9397022817294329e-01, -5.1409204032482614e-01,
       8.3551476627118559e-01, -1.6818887595311414e+00,
       -9.2231035426644015e-01, 1.9461683406231589e-01,
       3.3386808519604738e-01, -8.6478207898974979e-02,
       -3.3424416374179289e-01, -8.3536438873955987e-01,
       -4.3640254012818414e-01, 9.0541123788188971e-01, 0., 0., 0., 1. ]
T2_21: !!opencv-matrix
   rows: 4
   cols: 4
   dt: d
   data: [ -6.9619244858978169e-01, -5.1020097771979089e-01,
       5.0498617492000042e-01, -1.8065331545480161e+00,
       -6.6644084560953987e-01, 1.9793142080156456e-01,
       -7.1880439061174040e-01, 1.4683663723879374e+00,
       2.6678207179232538e-01, -8.3696960219188565e-01,
       -4.7781713152308702e-01, 9.1784943005047803e-01, 0., 0., 0., 1. ]
T1_22: !!opencv-matrix
   rows: 4
   cols: 4
   dt: d
   data: [ 3.1354541570202388e-01, -6.6389563824427422e-01,
       6.7891962249773918e-01, -1.7351917921830224e+00,
       -7.8140179588553704e-01, 2.2584803080877214e-01,
       5.8172493531449843e-01, -3.6865014725960160e-01,
       -5.3953730703177749e-01, -7.1290619894908169e-01,
       -4.4795562929923083e-01, 1.1284505422969406e+00, 0., 0., 0., 1. ]
T2_22: !!opencv-matrix
   rows: 4
   cols: 4
   dt: d
   data: [ -5.0369181281493991e-01, -6.6378013319502904e-01,
       5.5289283995977834e-01, -1.8309265294795725e+00,
       -8.3870967484126657e-01, 2.2236575246849988e-01,
       -4.9711120833951711e-01, 1.1747335074454477e+00,
       2.0702811169224447e-01, -7.1410741972388680e-01,
       -6.6872262864691234e-01, 1.1246050936578427e+00, 0., 0., 0., 1. ]
T1_23: !!opencv-matrix
   rows: 4
   cols: 4
   dt: d
   data: [ 2.2734866362021555e-01, -7.9723304730825872e-01,
       5.5922451075546564e-01, -1.6471293980066777e+00,
       -7.0584668664625094e-01, 2.6071927176213872e-01,
       6.5863944330895441e-01, -5.6535093481964471e-01,
       -6.7088973766231619e-01, -5.4446756525196971e-01,
       -5.0345012691227020e-01, 1.3314533154407582e+00, 0., 0., 0., 1. ]
T2_23: !!opencv-matrix
   rows: 4
   cols: 4
   dt: d
   data: [ -4.2325809069612452e-01, -7.9814451668947362e-01,
       4.2873992015999413e-01, -1.7372138126243244e+00,
       -8.8008957043405944e-01, 2.4981837510707372e-01,
       -4.0377360918224242e-01, 9.7905632483142435e-01,
       2.1516258195481891e-01, -5.4822997905750115e-01,
       -8.0817631330616724e-01, 1.3228125556078765e+00, 0., 0., 0., 1. ]
T1_24: !!opencv-matrix
   rows: 4
   cols: 4
   dt: d
   data: [ 1.4094420624166892e-01, -8.7361671190061063e-01,
       4.6575591398807992e-01, -1.5375565987795541e+00,
       -7.6661513991089070e-01, 2.0137760498132262e-01,
       6.0971164288653057e-01, -5.9732238759737077e-01,
       -6.2644709113085650e-01, -4.4299085870924265e-01,
       -6.4134479113323795e-01, 1.6851987172700809e+00, 0., 0., 0., 1. ]
T2_24: !!opencv-matrix
   rows: 4
   cols: 4
   dt: d
   data: [ -3.7040340298579166e-01, -8.7213331478611023e-01,
       3.1966357361566411e-01, -1.6294962962870350e+00,
       -8.5607099209069093e-01, 1.8696626705414632e-01,
       -4.8185689938476339e-01, 9.5110073971398867e-01,
       3.6047714984088186e-01, -4.5213614788471568e-01,
       -8.1586097358469423e-01, 1.6853630725144668e+00, 0., 0., 0., 1. ]
T1_25: !!opencv-matrix
   rows: 4
   cols: 4
   dt: d
   data: [ 1.0294043084698901e-01, -9.5177252024718395e-01,
       2.8901961421218458e-01, -1.2414594964255321e+00,
       -8.0294457099204541e-01, 9.1988225006468083e-02,
       5.8891271201644091e-01, -4.0125217772125643e-01,
       -5.8709733742492509e-01, -2.9268965844813033e-01,
       -7.5475127043687751e-01, 1.6319296993165906e+00, 0., 0., 0., 1. ]
T2_25: !!opencv-matrix
   rows: 4
   cols: 4
   dt: d
   data: [ -2.2061200765061639e-01, -9.4993314893142500e-01,
       2.2126308919833798e-01, -1.3291182932497718e+00,
       -8.4629173854853967e-01, 7.3650276672469817e-02,
       -5.2760395185267417e-01, 1.1575926814488979e+00,
       4.8489239563521175e-01, -3.0364889149689961e-01,
       -8.2016871151480153e-01, 1.6537617999740462e+00, 0., 0., 0., 1. ]
T1_26: !!opencv-matrix
   rows: 4
   cols: 4
   dt: d
   data: [ -2.8974930442932312e-02, -9.1038027371831920e-01,
       4.1275684201522977e-01, -1.1555716939068832e+00,
       -7.8888240405111099e-01, 2.7441490572310567e-01,
       5.4987363284260016e-01, -3.7987203006276760e-01,
       -6.1386073826590903e-01, -3.0968405955350220e-01,
       -7.2613413173744701e-01, 1.6749443167284959e+00, 0., 0., 0., 1. ]
T2_26: !!opencv-matrix
   rows: 4
   cols: 4
   dt: d
   data: [ -3.8249255271869753e-01, -9.1346526987573373e-01,
       1.3885477249841857e-01, -1.2556534130150170e+00,
       -8.0797860931513354e-01, 2.5778386800557229e-01,
       -5.2982831585832457e-01, 1.1853815400996164e+00,
       4.4818524518765379e-01, -3.1484707101534037e-01,
       -8.3666080813501953e-01, 1.6994463396527713e+00, 0., 0., 0., 1. ]
T1_27: !!opencv-matrix
   rows: 4
   cols: 4
   dt: d
   data: [ 4.1217833873653620e-01, -8.8070377942219413e-01,
       2.3338781028119809e-01, -1.2693100045736410e+00,
       -8.3142754347335646e-01, -2.5882347764233571e-01,
       4.9166924591130068e-01, -4.2057178460808264e-01,
       -3.7260871840343329e-01, -3.9670046676628767e-01,
       -8.3892281089332643e-01, 1.6102164140230508e+00, 0., 0., 0., 1. ]
T2_27: !!opencv-matrix
   rows: 4
   cols: 4
   dt: d
   data: [ -5.8654453509011661e-02, -8.7039850597002388e-01,
       4.8884158567854014e-01, -1.3296555649195985e+00,
       -7.6944654598842810e-01, -2.7256462494337130e-01,
       -5.7763356732097670e-01, 1.1352887547554762e+00,
       6.3601231745150733e-01, -4.1001825085553173e-01,
       -6.5373799493018092e-01, 1.6495773246691203e+00, 0., 0., 0., 1. ]
T1_28: !!opencv-matrix
   rows: 4
   cols: 4
   dt: d
   data: [ 1.7502987230377820e-01, -8.5037621049823597e-01,
       4.9621048398838064e-01, -1.5296519657028202e+00,
       -8.3145636630407393e-01, 1.4225462248274245e-01,
       5.3706976577975241e-01, -4.4834739831559678e-01,
       -5.2729958726870707e-01, -5.0658061846161495e-01,
       -6.8215190556451510e-01, 1.2360035477582585e+00, 0., 0., 0., 1. ]
T2_28: !!opencv-matrix
   rows: 4
   cols: 4
   dt: d
   data: [ -3.8677703233113414e-01, -8.4674241891981750e-01,
       3.6528181348506428e-01, -1.6215519169288359e+00,
       -8.1461393349330857e-01, 1.2806521656649195e-01,
       -5.6568846520354021e-01, 1.0991243146083540e+00,
       4.3221252482971895e-01, -5.1635896071201659e-01,
       -7.3930085694034320e-01, 1.2442696880647715e+00, 0., 0., 0., 1. ]
T1_29: !!opencv-matrix
   rows: 4
   cols: 4
   dt: d
   data: [ 2.1503191899057206e-01, -8.1155420507891074e-01,
       5.4326885244229617e-01, -1.6123509532870832e+00,
       -7.6877284307527038e-01, 2.0240406140447365e-01,
       6.0664727121857220e-01, -7.0949087454272530e-01,
       -6.0228696612594712e-01, -5.4809886712682720e-01,
       -5.8037749981291586e-01, 1.5205600519468891e+00, 0., 0., 0., 1. ]
T2_29: !!opencv-matrix
   rows: 4
   cols: 4
   dt: d
   data: [ -4.1267923303629606e-01, -8.1139072207386354e-01,
       4.1393350523124983e-01, -1.6942580870683943e+00,
       -8.5716751366773758e-01, 1.9219292418209888e-01,
       -4.7783442049208114e-01, 8.3222298168062414e-01,
       3.0815532468747575e-01, -5.5200269566985682e-01,
       -7.7481179639959530e-01, 1.5224483820559946e+00, 0., 0., 0., 1. ]
T1_30: !!opencv-matrix
   rows: 4
   cols: 4
   dt: d
   data: [ 1.4977293570156025e-01, -8.2381252283729633e-01,
       5.4671838724135213e-01, -1.6931745388718014e+00,
       -7.2671282981247498e-01, 2.8321606485836448e-01,
       6.2584113287006571e-01, -7.2782126317815998e-01,
       -6.7041519278524775e-01, -4.9104133005541550e-01,
       -5.5625702823436507e-01, 1.6303272436079443e+00, 0., 0., 0., 1. ]
T2_30: !!opencv-matrix
   rows: 4
   cols: 4
   dt: d
   data: [ -4.3945894916056782e-01, -8.2500146402785535e-01,
       3.5531453158375736e-01, -1.7837816694274600e+00,
       -8.5927795978102273e-01, 2.7083287167121350e-01,
       -4.3392504359265444e-01, 8.1239558782998844e-01,
       2.6175794130694974e-01, -4.9600618945152236e-01,
       -8.2792550400898257e-01, 1.6253713072659539e+00, 0., 0., 0., 1. ]
T1_31: !!opencv-matrix
   rows: 4
   cols: 4
   dt: d
   data: [ 2.5211607489888566e-01, -7.9633376167666603e-01,
       5.4980908031012932e-01, -1.7055831311116332e+00,
       -8.3107727825828659e-01, 1.1287734390083637e-01,
       5.4458173197114379e-01, -5.4393778811112969e-01,
       -4.9572980779894388e-01, -5.9423164275203588e-01,
       -6.3335670235013630e-01, 1.7650114617792436e+00, 0., 0., 0., 1. ]
T2_31: !!opencv-matrix
   rows: 4
   cols: 4
   dt: d
   data: [ -4.0804800984668810e-01, -7.9180912517453772e-01,
       4.5446136353983929e-01, -1.7950520026457011e+00,
       -8.2337901846235051e-01, 1.0413401052569138e-01,
       -5.5785580556969305e-01, 9.9771998199859391e-01,
       3.9439043296729809e-01, -6.0182590268462877e-01,
       -6.9445069604810561e-01, 1.7711655281421943e+00, 0., 0., 0., 1. ]
T1_32: !!opencv-matrix
   rows: 4
   cols: 4
   dt: d
   data: [ 3.1994724716134215e-01, -7.9409385423742962e-01,
       5.1676755867239088e-01, -1.6638967919408791e+00,
       -8.2025090887203689e-01, 4.0804930916325421e-02,
       5.7054658364371225e-01, -4.2316027084416541e-01,
       -4.7415420015905851e-01, -6.0642386849072638e-01,
       -6.3830078035066329e-01, 1.5654388607015877e+00, 0., 0., 0., 1. ]
T2_32: !!opencv-matrix
   rows: 4
   cols: 4
   dt: d
   data: [ -3.5179540858272151e-01, -7.8853490288223771e-01,
       5.0443304554382284e-01, -1.7509743302939533e+00,
       -8.4306352295489129e-01, 3.2715251227914077e-02,
       -5.3681804049415327e-01, 1.1175619478997989e+00,
       4.0679710761386212e-01, -6.1411922236125671e-01,
       -6.7629408836940286e-01, 1.5792570748376853e+00, 0., 0., 0., 1. ]
T1_33: !!opencv-matrix
   rows: 4
   cols: 4
   dt: d
   data: [ 1.6387933998594717e-01, -7.3764358741675506e-01,
       6.5500038157905716e-01, -1.6715298698453498e+00,
       -8.6789488619024291e-01, 2.0782023004689154e-01,
       4.5118645647679018e-01, -1.6012643448369096e-01,
       -4.6893712632995455e-01, -6.4241162032313615e-01,
       -6.0613965521421487e-01, 1.4229607369148769e+00, 0., 0., 0., 1. ]
T2_33: !!opencv-matrix
   rows: 4
   cols: 4
   dt: d
   data: [ -5.3887932179831344e-01, -7.3462091334599333e-01,
       4.1223923905044296e-01, -1.7883443502301208e+00,
       -7.5281638752755931e-01, 2.0038718682135481e-01,
       -6.2698681168568371e-01, 1.3874515804920060e+00,
       3.7799016284573511e-01, -6.4821068259673253e-01,
       -6.6101917351869055e-01, 1.4384602212512272e+00, 0., 0., 0., 1. ]
T1_34: !!opencv-matrix
   rows: 4
   cols: 4
   dt: d
   data: [ 3.5561400255359465e-01, -8.9631608156897713e-01,
       2.6487008722890287e-01, -1.4667731656329273e+00,
       -8.6429403887381395e-01, -2.0751058809319800e-01,
       4.5818682892069829e-01, -2.9377975681254581e-01,
       -3.5571687555554926e-01, -3.9186328961775652e-01,
       -8.4847431705087462e-01, 1.6864673763731328e+00, 0., 0., 0., 1. ]
T2_34: !!opencv-matrix
   rows: 4
   cols: 4
   dt: d
   data: [ -1.1377766617787932e-01, -8.8472604215497852e-01,
       4.5201158504169159e-01, -1.5523289813905030e+00,
       -7.5107256227248143e-01, -2.2122136971206707e-01,
       -6.2205394604018593e-01, 1.2596073939624644e+00,
       6.5034194765566566e-01, -4.1026934557130185e-01,
       -6.3932340423601830e-01, 1.7303036738060422e+00, 0., 0., 0., 1. ]
T1_35: !!opencv-matrix
   rows: 4
   cols: 4
   dt: d
   data: [ 1.6285261828270481e-01, -9.3579490749317207e-01,
       3.1267701519029750e-01, -1.5334994553979895e+00,
       -8.3279589075548877e-01, 3.9566487463396083e-02,
       5.5216437535446039e-01, -2.5823384690608198e-01,
       -5.2908414175747132e-01, -3.5031754763307943e-01,
       -7.7288264747056257e-01, 1.9155143675628534e+00, 0., 0., 0., 1. ]
T2_35: !!opencv-matrix
   rows: 4
   cols: 4
   dt: d
   data: [ -2.2001180278254151e-01, -9.3254171481956238e-01,
       2.8628789139215427e-01, -1.6272285426790514e+00,
       -8.2648801824036100e-01, 2.2301012896131733e-02,
       -5.6251241811086017e-01, 1.2852303388289494e+00,
       5.1818178503445744e-01, -3.6037288319905036e-01,
       -7.7564103985884270e-01, 1.9505027432721105e+00, 0., 0., 0., 1. ]
T1_36: !!opencv-matrix
   rows: 4
   cols: 4
   dt: d
   data: [ 3.1123264606552858e-01, -8.4127172596998057e-01,
       4.4203633686218541e-01, -1.6853006917749895e+00,
       -8.4288108792702710e-01, -2.9515438601308563e-02,
       5.3728978261188232e-01, -3.2975538279508876e-01,
       -4.3895980640373061e-01, -5.3980618926394541e-01,
       -7.1827819568349494e-01, 1.3778425134444536e+00, 0., 0., 0., 1. ]
T2_36: !!opencv-matrix
   rows: 4
   cols: 4
   dt: d
   data: [ -2.8758502202625014e-01, -8.3340054644548334e-01,
       4.7195167580010922e-01, -1.7743109688008682e+00,
       -8.1920788766857344e-01, -4.1240752887749643e-02,
       -5.7201192040275328e-01, 1.2117318414090836e+00,
       4.9617868947361632e-01, -5.5112859614215426e-01,
       -6.7086807840783669e-01, 1.4010372396176363e+00, 0., 0., 0., 1. ]
T1_37: !!opencv-matrix
   rows: 4
   cols: 4
   dt: d
   data: [ 1.0810956359471169e-01, -7.3453959656599599e-01,
       6.6989842762617757e-01, -1.6801248264491402e+00,
       -8.5673988907600518e-01, 2.7297966688947117e-01,
       4.3758297948040437e-01, -1.0077131509230879e-01,
       -5.0429067483485712e-01, -6.2123560952474166e-01,
       -5.9979765982623445e-01, 1.2196194910324059e+00, 0., 0., 0., 1. ]
T2_37: !!opencv-matrix
   rows: 4
   cols: 4
   dt: d
   data: [ -5.7354136142907253e-01, -7.3251488756852823e-01,
       3.6670457621981262e-01, -1.8006036585373688e+00,
       -7.3600978200782741e-01, 2.6426766877426311e-01,
       -6.2325933609486095e-01, 1.4491572980458289e+00,
       3.5963857901909863e-01, -6.2736316335204345e-01,
       -6.9070656124727869e-01, 1.2273164096198594e+00, 0., 0., 0., 1. ]
T1_38: !!opencv-matrix
   rows: 4
   cols: 4
   dt: d
   data: [ 3.0290012490994989e-01, -7.4992305340653131e-01,
       5.8810452157670201e-01, -1.6559619249849575e+00,
       -9.2369590885198605e-01, -7.9107576915019795e-02,
       3.7487045661766627e-01, -1.8261117962213691e-02,
       -2.3460047378392099e-01, -6.5677804869229528e-01,
       -7.1666255131428525e-01, 1.3973808384265478e+00, 0., 0., 0., 1. ]
T2_38: !!opencv-matrix
   rows: 4
   cols: 4
   dt: d
   data: [ -4.3036502683930000e-01, -7.3830770014481228e-01,
       5.1931462869871781e-01, -1.7609286923793670e+00,
       -7.0392454754054901e-01, -8.5629877723413017e-02,
       -7.0509414648747948e-01, 1.5310990452309299e+00,
       5.6504528583419100e-01, -6.6900617631525028e-01,
       -4.8286080914545781e-01, 1.4273140969060387e+00, 0., 0., 0., 1. ]
T1_39: !!opencv-matrix
   rows: 4
   cols: 4
   dt: d
   data: [ 1.9445650975535844e-01, -8.6523220668446610e-01,
       4.6212540974252153e-01, -1.2354569865439089e+00,
       -8.5292495932100720e-01, 8.3537448617827748e-02,
       5.1530622783514080e-01, -4.0320649876841769e-01,
       -4.8446432229940567e-01, -4.9436294682586501e-01,
       -7.2173374399748313e-01, 1.1160255359354252e+00, 0., 0., 0., 1. ]
T2_39: !!opencv-matrix
   rows: 4
   cols: 4
   dt: d
   data: [ -3.4905838308743187e-01, -8.6081661151008182e-01,
       3.7034174291414784e-01, -1.3194655810366900e+00,
       -8.0351991756478836e-01, 7.1581812460510541e-02,
       -5.9095836249396139e-01, 1.1553473607535536e+00,
       4.8219704195801921e-01, -5.0385593722131450e-01,
       -7.1666952443491505e-01, 1.1304852102133123e+00, 0., 0., 0., 1. ]
T1_40: !!opencv-matrix
   rows: 4
   cols: 4
   dt: d
   data: [ 1.1866138388500536e-01, -9.1963069027138689e-01,
       3.7443139489827482e-01, -1.0107960594263350e+00,
       -8.2705727592499856e-01, 1.1712837119579189e-01,
       5.4977923478478297e-01, -3.8068119036315745e-01,
       -5.4945039659100814e-01, -3.7491377431616624e-01,
       -7.4668863893459014e-01, 1.1746305829194685e+00, 0., 0., 0., 1. ]
T2_40: !!opencv-matrix
   rows: 4
   cols: 4
   dt: d
   data: [ -2.9753279388486464e-01, -9.1651678370526479e-01,
       2.6734102144942923e-01, -1.0969726331478804e+00,
       -8.2146402893266401e-01, 1.0307456191031650e-01,
       -5.6086761705121824e-01, 1.1890514862733990e+00,
       4.8648852579766205e-01, -3.8648754167961707e-01,
       -7.8355363211056872e-01, 1.1875998882758436e+00, 0., 0., 0., 1. ]
T1_41: !!opencv-matrix
   rows: 4
   cols: 4
   dt: d
   data: [ 1.1380569179099287e-01, -9.7472342858419891e-01,
       1.9225634523998855e-01, -8.5434107035495321e-01,
       -8.7103184493969199e-01, -4.8131537474593866e-03,
       4.9120297093152804e-01, -3.7350143237479488e-01,
       -4.7786168460855882e-01, -2.2336309301240315e-01,
       -8.4956291059756284e-01, 1.3055022676855659e+00, 0., 0., 0., 1. ]
T2_41: !!opencv-matrix
   rows: 4
   cols: 4
   dt: d
   data: [ -1.3136506683819693e-01, -9.7120710173492608e-01,
       1.9874603078864445e-01, -9.2987648771095388e-01,
       -7.8070907481295271e-01, -2.2198199515268024e-02,
       -6.2450026456598384e-01, 1.2017427177296651e+00,
       6.1093089602613770e-01, -2.3720034881493141e-01,
       -7.5531412988423252e-01, 1.3380127812007765e+00, 0., 0., 0., 1. ]
T1_42: !!opencv-matrix
   rows: 4
   cols: 4
   dt: d
   data: [ 3.3616494571601430e-02, -9.8238346318647740e-01,
       1.8382780679336935e-01, -7.4258732871031774e-01,
       -8.2252734632724644e-01, 7.7288739487188285e-02,
       5.6344939017833673e-01, -4.1311714817198075e-01,
       -5.6773118272345724e-01, -1.7014459146921002e-01,
       -8.0543908655912655e-01, 1.4201047715613664e+00, 0., 0., 0., 1. ]
T2_42: !!opencv-matrix
   rows: 4
   cols: 4
   dt: d
   data: [ -1.4638397431623784e-01, -9.8264942157761404e-01,
       1.1389401361161863e-01, -8.1278606547533716e-01,
       -8.3142713071645935e-01, 5.9830283481104418e-02,
       -5.5240317114148274e-01, 1.1600921183464181e+00,
       5.3600434547863385e-01, -1.7555754455947253e-01,
       -8.2575958376289549e-01, 1.4504118472419782e+00, 0., 0., 0., 1. ]
T1_43: !!opencv-matrix
   rows: 4
   cols: 4
   dt: d
   data: [ 5.2034297943405639e-02, -9.9448267960604275e-01,
       9.1085848522819396e-02, -6.3302780232336187e-01,
       -8.2343773392425768e-01, 8.8783686262675632e-03,
       5.6733717745289680e-01, -4.2668883240479982e-01,
       -5.6501569021330766e-01, -1.0452451642615346e-01,
       -8.1843258444337286e-01, 1.5000657214330613e+00, 0., 0., 0., 1. ]
T2_43: !!opencv-matrix
   rows: 4
   cols: 4
   dt: d
   data: [ -5.4216767900573615e-02, -9.9386236027627683e-01,
       9.6426920019687834e-02, -6.9386460728244104e-01,
       -8.3149277111259323e-01, -8.5337901902888813e-03,
       -5.5547002260472023e-01, 1.1531875609982869e+00,
       5.5288363483278791e-01, -1.1029407622830920e-01,
       -8.2592669352856474e-01, 1.5324355370331735e+00, 0., 0., 0., 1. ]
T1_44: !!opencv-matrix
   rows: 4
   cols: 4
   dt: d
   data: [ 1.3774112718840104e-02, -9.9167468335925479e-01,
       1.2802966922995102e-01, -7.6330305229621664e-01,
       -8.3166764436733176e-01, 5.9720854886700758e-02,
       5.5205284964765378e-01, -4.5782177356196552e-01,
       -5.5510287616918563e-01, -1.1408217159540573e-01,
       -8.2392114610123635e-01, 1.7883843820881253e+00, 0., 0., 0., 1. ]
T2_44: !!opencv-matrix
   rows: 4
   cols: 4
   dt: d
   data: [ -1.0418209412159674e-01, -9.9141510822570300e-01,
       7.9007432854485832e-02, -8.3819574479868075e-01,
       -8.2007799395777981e-01, 4.0689044994636436e-02,
       -5.7080336845853319e-01, 1.1194256720302260e+00,
       5.6268834632558562e-01, -1.2425974730073214e-01,
       -8.1727678304851858e-01, 1.8276514047450181e+00, 0., 0., 0., 1. ]
T1_45: !!opencv-matrix
   rows: 4
   cols: 4
   dt: d
   data: [ 1.1554949882342513e-01, -8.0645681472163178e-01,
       5.7989285157750903e-01, -1.4683846305714841e+00,
       -7.8243417764550061e-01, 2.8575115093549075e-01,
       5.5330194052727799e-01, -3.2662089128357880e-01,
       -6.1191917029446330e-01, -5.1766174837250822e-01,
       -5.9798097235451708e-01, 1.2604967201575219e+00, 0., 0., 0., 1. ]
T2_45: !!opencv-matrix
   rows: 4
   cols: 4
   dt: d
   data: [ -4.8553567263511921e-01, -8.0676804556871118e-01,
       3.3672010817295250e-01, -1.5727626300356468e+00,
       -8.1273075700451680e-01, 2.7466464674022950e-01,
       -5.1383659703249063e-01, 1.2277495007419910e+00,
       3.2206183756792395e-01, -5.2314878617875726e-01,
       -7.8904468840621789e-01, 1.2621514824585205e+00, 0., 0., 0., 1. ]
T1_46: !!opencv-matrix
   rows: 4
   cols: 4
   dt: d
   data: [ 1.6001459625566627e-01, -7.9100558550708644e-01,
       5.9051290644805354e-01, -1.5715822833685968e+00,
       -8.7600739847338771e-01, 1.6193928967532356e-01,
       4.5429803464173052e-01, -2.2731796539150143e-01,
       -4.5497952350080928e-01, -5.8998799153545756e-01,
       -6.6701409508265530e-01, 1.2330116749141466e+00, 0., 0., 0., 1. ]
T2_46: !!opencv-matrix
   rows: 4
   cols: 4
   dt: d
   data: [ -4.8052813677309136e-01, -7.8883728710785339e-01,
       3.8318199884350457e-01, -1.6741114747663173e+00,
       -7.5611398841747091e-01, 1.5131011351244483e-01,
       -6.3670784985601980e-01, 1.3245203730754553e+00,
       4.4427958121976086e-01, -5.9568530619545534e-01,
       -6.6915967428859657e-01, 1.2529114959588674e+00, 0., 0., 0., 1. ]
T1_47: !!opencv-matrix
   rows: 4
   cols: 4
   dt: d
   data: [ 2.8950181057936653e-01, -8.9240984708071813e-01,
       3.4611178325020581e-01, -1.4828207447686772e+00,
       -8.3345459268896660e-01, -5.7212824675081819e-02,
       5.4961817165953197e-01, -2.2435141210793005e-01,
       -4.7068263575039299e-01, -4.4758391115640772e-01,
       -7.6034630194207908e-01, 1.6612228342696069e+00, 0., 0., 0., 1. ]
T2_47: !!opencv-matrix
   rows: 4
   cols: 4
   dt: d
   data: [ -2.0638033499306196e-01, -8.8678484966046422e-01,
       4.1354538776393096e-01, -1.5675410304998449e+00,
       -8.2333956736424718e-01, -7.0979418791381033e-02,
       -5.6309313520988014e-01, 1.3267022592417068e+00,
       5.2869567251927296e-01, -4.5669963052394308e-01,
       -7.1547629823683767e-01, 1.6952053967091518e+00, 0., 0., 0., 1. ]
T1_48: !!opencv-matrix
   rows: 4
   cols: 4
   dt: d
   data: [ 2.0700427174335578e-01, -8.6024661327414909e-01,
       4.6596673253608939e-01, -1.7716264548495810e+00,
       -8.5562736351335289e-01, 7.1761947649396696e-02,
       5.1259344287334963e-01, -2.3046498526841533e-01,
       -4.7439545348495032e-01, -5.0480291918720299e-01,
       -7.2119551197500287e-01, 1.7695529294043013e+00, 0., 0., 0., 1. ]
