%YAML:1.0
---
frameCount: 38
T1_0: !!opencv-matrix
   rows: 4
   cols: 4
   dt: d
   data: [ -2.7004463142759194e-01, 6.7794469975155602e-01,
       -6.8371549720326552e-01, 6.1101304772079412e-01,
       9.2409211368985289e-01, -1.6951443687305945e-02,
       -3.8179367984964852e-01, 8.9782944691584532e-01,
       -2.7042496640169128e-01, -7.3491743252945663e-01,
       -6.2190570419554403e-01, 9.9043792622043070e-01, 0., 0., 0., 1. ]
T2_0: !!opencv-matrix
   rows: 4
   cols: 4
   dt: d
   data: [ -4.7711308230075677e-01, -6.6682353979633335e-01,
       5.7245914567850065e-01, -1.5166267350527678e+00,
       -7.4431437951544832e-01, -3.9748391180403519e-02,
       -6.6664546037988026e-01, 1.3240941463857863e+00,
       4.6728921573689669e-01, -7.4415484421728884e-01,
       -4.7736187183722389e-01, 1.0163810216647673e+00, 0., 0., 0., 1. ]
T1_1: !!opencv-matrix
   rows: 4
   cols: 4
   dt: d
   data: [ -2.8682764853541909e-01, 7.6960914686519311e-01,
       -5.7046617874951322e-01, 6.5282072462066332e-01,
       9.0739850283302825e-01, 2.7316992672581364e-02,
       -4.1938256874565583e-01, 8.7328289421236205e-01,
       -3.0717724051762152e-01, -6.3793067254424729e-01,
       -7.0617745640541618e-01, 1.1516576381394259e+00, 0., 0., 0., 1. ]
T2_1: !!opencv-matrix
   rows: 4
   cols: 4
   dt: d
   data: [ -3.6480317196821943e-01, -7.5406953246866770e-01,
       5.4616644525676461e-01, -1.5582252852020213e+00,
       -7.6204838082027604e-01, -9.5230598693596180e-02,
       -6.4047903819067709e-01, 1.3425570816071193e+00,
       5.3497748645258081e-01, -6.4985403997739688e-01,
       -5.3989704177179432e-01, 1.1839249143943875e+00, 0., 0., 0., 1. ]
T1_2: !!opencv-matrix
   rows: 4
   cols: 4
   dt: d
   data: [ -3.0050728101969471e-01, 6.6472916461086395e-01,
       -6.8398136799908016e-01, 7.2027111239244834e-01,
       9.2216259367978859e-01, 1.9381143362420361e-02,
       -3.8631660862527051e-01, 8.8922383966285323e-01,
       -2.4353957557636366e-01, -7.4683298601341130e-01,
       -6.1881254522704721e-01, 8.1227767360737158e-01, 0., 0., 0., 1. ]
T2_2: !!opencv-matrix
   rows: 4
   cols: 4
   dt: d
   data: [ -4.6385128309394030e-01, -6.4814252675771422e-01,
       6.0394805420684250e-01, -1.6222692089495780e+00,
       -7.4991802628709914e-01, -7.5687362590130203e-02,
       -6.5718671395107497e-01, 1.3176979993807374e+00,
       4.7166189269620573e-01, -7.5774843328922570e-01,
       -4.5094608416745041e-01, 8.3221479677798593e-01, 0., 0., 0., 1. ]
T1_3: !!opencv-matrix
   rows: 4
   cols: 4
   dt: d
   data: [ -2.8721185173633157e-01, 7.4326893386800497e-01,
       -6.0420248606647331e-01, 6.0792708223441272e-01,
       8.3709611284209617e-01, -1.1184028389663969e-01,
       -5.3550149277342973e-01, 1.0634833525567253e+00,
       -4.6559580119116217e-01, -6.5957792780280211e-01,
       -5.9006568030052509e-01, 1.1196044133215213e+00, 0., 0., 0., 1. ]
T2_3: !!opencv-matrix
   rows: 4
   cols: 4
   dt: d
   data: [ -3.8635008992492548e-01, -7.4221898089611138e-01,
       5.4758067205895777e-01, -1.4896723491455974e+00,
       -8.4508600165743897e-01, 4.6992711920216923e-02,
       -5.3256110900912268e-01, 1.1557478520023037e+00,
       3.6954466281850851e-01, -6.6850779309139052e-01,
       -6.4539450939594589e-01, 1.1249652043016938e+00, 0., 0., 0., 1. ]
T1_4: !!opencv-matrix
   rows: 4
   cols: 4
   dt: d
   data: [ -1.4196776055966120e-01, 8.9894455449816901e-01,
       -4.1441988719143702e-01, 2.7823386710163323e-01,
       8.2768232304778822e-01, -1.2183212834897184e-01,
       -5.4781283721374840e-01, 1.1693094404785536e+00,
       -5.4294302378416459e-01, -4.2077977665288085e-01,
       -7.2674428273228275e-01, 1.2021274780182654e+00, 0., 0., 0., 1. ]
T2_4: !!opencv-matrix
   rows: 4
   cols: 4
   dt: d
   data: [ -2.6334400343782249e-01, -9.0046803810702158e-01,
       3.4613183644535195e-01, -1.1482129571868367e+00,
       -8.4002824703032375e-01, 3.7621716651620951e-02,
       -5.4123668632803035e-01, 1.0872090068062761e+00,
       4.7434426321449463e-01, -4.3329195559562006e-01,
       -7.6632604103711754e-01, 1.2114151271221338e+00, 0., 0., 0., 1. ]
T1_5: !!opencv-matrix
   rows: 4
   cols: 4
   dt: d
   data: [ -3.2101014406075024e-01, 7.7578226584833787e-01,
       -5.4324429440659106e-01, 7.5028043610075068e-01,
       8.4211624126403628e-01, -2.8652211621486456e-02,
       -5.3853438791643460e-01, 1.0409422758856557e+00,
       -4.3335057818056227e-01, -6.3034984474053468e-01,
       -6.4410119517522713e-01, 1.3222450777057821e+00, 0., 0., 0., 1. ]
T2_5: !!opencv-matrix
   rows: 4
   cols: 4
   dt: d
   data: [ -3.1827992117956705e-01, -7.6507398133176330e-01,
       5.5978540072343197e-01, -1.6354342870982048e+00,
       -8.4535389850879294e-01, -3.8188290780730938e-02,
       -5.3283997665643634e-01, 1.1572051827314411e+00,
       4.2903925001089804e-01, -6.4280903660139310e-01,
       -6.3460370658677601e-01, 1.3313145148945909e+00, 0., 0., 0., 1. ]
T1_6: !!opencv-matrix
   rows: 4
   cols: 4
   dt: d
   data: [ -3.7540981777581517e-01, 8.0015205122152411e-01,
       -4.6778645089775411e-01, 6.4964977606390772e-01,
       9.0547048360928239e-01, 2.0881214535304782e-01,
       -3.6948706508541029e-01, 8.0769760616984954e-01,
       -1.9796634064886359e-01, -5.6227589569449377e-01,
       -8.0290419421687731e-01, 1.2128228967648977e+00, 0., 0., 0., 1. ]
T2_6: !!opencv-matrix
   rows: 4
   cols: 4
   dt: d
   data: [ -2.3699274595428754e-01, -7.6952258114399563e-01,
       5.9301723033528220e-01, -1.5410579939516120e+00,
       -7.0826648602061915e-01, -2.8095472162971857e-01,
       -6.4762877420168063e-01, 1.4052453713587933e+00,
       6.6497595681727517e-01, -5.7349755143631609e-01,
       -4.7844282349252509e-01, 1.2650045812313415e+00, 0., 0., 0., 1. ]
T1_7: !!opencv-matrix
   rows: 4
   cols: 4
   dt: d
   data: [ -1.8701757939930053e-01, 8.4439245784873773e-01,
       -5.0202171479308944e-01, 7.1269889930960229e-01,
       7.3621621463850595e-01, -2.1787070631730154e-01,
       -6.4071681781591283e-01, 1.3666175032699361e+00,
       -6.5039227416919365e-01, -4.8942183487965468e-01,
       -5.8090976686922424e-01, 1.2681681795285511e+00, 0., 0., 0., 1. ]
T2_7: !!opencv-matrix
   rows: 4
   cols: 4
   dt: d
   data: [ -3.2010167156244718e-01, -8.5464951174242976e-01,
       4.0878983835383453e-01, -1.5643604621194029e+00,
       -8.9893774663445569e-01, 1.3778610700969052e-01,
       -4.1584362011564113e-01, 8.4173423265508873e-01,
       2.9907498648114150e-01, -5.0058885404445519e-01,
       -8.1238226941986169e-01, 1.2536282151573359e+00, 0., 0., 0., 1. ]
T1_8: !!opencv-matrix
   rows: 4
   cols: 4
   dt: d
   data: [ -3.3469932309737116e-01, 7.8289606277889812e-01,
       -5.2445220754942112e-01, 8.9460266031744307e-01,
       8.4633492743516703e-01, 5.0199385609126512e-03,
       -5.3262744091921799e-01, 1.0671437914710771e+00,
       -4.1435920856362285e-01, -6.2213226495829987e-01,
       -6.6427245251958467e-01, 1.2164180553835020e+00, 0., 0., 0., 1. ]
T2_8: !!opencv-matrix
   rows: 4
   cols: 4
   dt: d
   data: [ -2.9489662620175050e-01, -7.7021067070216720e-01,
       5.6551879066158584e-01, -1.7703199124107347e+00,
       -8.3790315956416039e-01, -7.6039012066083211e-02,
       -5.4049640501710194e-01, 1.1170060112290123e+00,
       4.5929758876704552e-01, -6.3324054780196404e-01,
       -6.2293830639337466e-01, 1.2350541480581088e+00, 0., 0., 0., 1. ]
T1_9: !!opencv-matrix
   rows: 4
   cols: 4
   dt: d
   data: [ -9.6026368533130180e-02, 9.7501623945531657e-01,
       -2.0030544012770143e-01, 1.6722263142175536e-01,
       8.2710830909287325e-01, -3.3796622996246528e-02,
       -5.6102551929798850e-01, 1.1954478288648351e+00,
       -5.5377863950848405e-01, -2.1954753715872630e-01,
       -8.0319866617896607e-01, 1.6909757802833565e+00, 0., 0., 0., 1. ]
T2_9: !!opencv-matrix
   rows: 4
   cols: 4
   dt: d
   data: [ -7.8047039265149998e-02, -9.7034901612843028e-01,
       2.2876067529304708e-01, -1.0297839262515791e+00,
       -8.3503959436433739e-01, -6.1725068448026388e-02,
       -5.4671646378075067e-01, 1.0650929079730551e+00,
       5.4462605107154616e-01, -2.3369382281881840e-01,
       -8.0546238997891106e-01, 1.7162702128090495e+00, 0., 0., 0., 1. ]
T1_10: !!opencv-matrix
   rows: 4
   cols: 4
   dt: d
   data: [ -3.3596928441993734e-01, 6.8064855681965142e-01,
       -6.5103162905167744e-01, 7.3686976835992701e-01,
       8.6670056303434095e-01, -4.7179600855844050e-02,
       -4.9659260898551405e-01, 1.1253252126399917e+00,
       -3.6872045503648365e-01, -7.3108934294134598e-01,
       -5.7406759068534718e-01, 1.0223469709707973e+00, 0., 0., 0., 1. ]
T2_10: !!opencv-matrix
   rows: 4
   cols: 4
   dt: d
   data: [ -4.1372454790730062e-01, -6.7263261671057073e-01,
       6.1351231560253972e-01, -1.6079318160082634e+00,
       -8.2382789729707473e-01, -1.0212200996426501e-02,
       -5.6674800977673423e-01, 1.0791533847281585e+00,
       3.8747850791234906e-01, -7.3990612505094122e-01,
       -5.4990847603771376e-01, 1.0316583450674468e+00, 0., 0., 0., 1. ]
T1_11: !!opencv-matrix
   rows: 4
   cols: 4
   dt: d
   data: [ -2.3512572975790924e-01, 7.6192353884188102e-01,
       -6.0348025002022654e-01, 7.6903631501969483e-01,
       8.5403670539467136e-01, -1.3447725983030168e-01,
       -5.0253076764228954e-01, 1.1012379625558113e+00,
       -4.6404439124336583e-01, -6.3355219796572249e-01,
       -6.1909160502172522e-01, 1.2168367944039455e+00, 0., 0., 0., 1. ]
T2_11: !!opencv-matrix
   rows: 4
   cols: 4
   dt: d
   data: [ -4.0709508477573131e-01, -7.6203134899661162e-01,
       5.0356907678872065e-01, -1.6527215776991855e+00,
       -8.2239667375917602e-01, 6.5923483158642382e-02,
       -5.6508212266720614e-01, 1.0992753798527684e+00,
       3.9741326467706550e-01, -6.4417568839147943e-01,
       -6.5352917268021038e-01, 1.2226386169322494e+00, 0., 0., 0., 1. ]
T1_12: !!opencv-matrix
   rows: 4
   cols: 4
   dt: d
   data: [ -2.3053613743118495e-01, 7.9258651292569515e-01,
       -5.6449952069651654e-01, 5.9231615802156212e-01,
       8.5753765174093000e-01, -1.0868464537251254e-01,
       -5.0280893359893941e-01, 1.1144915428087852e+00,
       -4.5987200956892493e-01, -5.9999522280476381e-01,
       -6.5461703875357569e-01, 1.1572716982582794e+00, 0., 0., 0., 1. ]
T2_12: !!opencv-matrix
   rows: 4
   cols: 4
   dt: d
   data: [ -3.7171195596535789e-01, -7.9134153677449381e-01,
       4.8539550262419057e-01, -1.4716141501240463e+00,
       -8.2146975797766131e-01, 3.6810432727613529e-02,
       -5.6906276347212237e-01, 1.1044894944221297e+00,
       4.3245538327153549e-01, -6.1026515894141342e-01,
       -6.6374601864092631e-01, 1.1694576825266234e+00, 0., 0., 0., 1. ]
T1_13: !!opencv-matrix
   rows: 4
   cols: 4
   dt: d
   data: [ -1.8637686423461020e-01, 8.4960124738842580e-01,
       -4.9339779581399101e-01, 6.9693570354236667e-01,
       8.3224369059850600e-01, -1.3037070684318786e-01,
       -5.3886354326135866e-01, 1.1188319234470190e+00,
       -5.2214375792213796e-01, -5.1105889996480713e-01,
       -6.8277719413415494e-01, 1.3246430273905516e+00, 0., 0., 0., 1. ]
T2_13: !!opencv-matrix
   rows: 4
   cols: 4
   dt: d
   data: [ -3.1990489463032423e-01, -8.5068723347305342e-01,
       4.1712358983582298e-01, -1.5775275201614125e+00,
       -8.3938571423895614e-01, 5.0281730609006203e-02,
       -5.4120547881421255e-01, 1.0863808746756989e+00,
       4.3942289553813507e-01, -5.2326186405367447e-01,
       -7.3014008279504505e-01, 1.3357571144003701e+00, 0., 0., 0., 1. ]
T1_14: !!opencv-matrix
   rows: 4
   cols: 4
   dt: d
   data: [ -9.1911456486823750e-02, 8.1911182165428276e-01,
       -5.6622266626537743e-01, 5.6314151906905652e-01,
       7.2436563435318613e-01, -3.3517537698223543e-01,
       -6.0245488995685181e-01, 1.3094191714353114e+00,
       -6.8326181799847185e-01, -4.6552474723801596e-01,
       -5.6252999722184072e-01, 1.2432704795215996e+00, 0., 0., 0., 1. ]
T2_14: !!opencv-matrix
   rows: 4
   cols: 4
   dt: d
   data: [ -4.1660102500210017e-01, -8.4288518249780009e-01,
       3.4057033795216174e-01, -1.4310707721266946e+00,
       -8.6790905140988084e-01, 2.5728882001737707e-01,
       -4.2489568316807641e-01, 9.1671661093417056e-01,
       2.7051333506502062e-01, -4.7259605607719152e-01,
       -8.3873446532993023e-01, 1.2326707375288193e+00, 0., 0., 0., 1. ]
T1_15: !!opencv-matrix
   rows: 4
   cols: 4
   dt: d
   data: [ -1.5666031848371764e-01, 7.8961541916062961e-01,
       -5.9326641101309907e-01, 5.2258417663409418e-01,
       8.9700731062701700e-01, -1.3762695381959245e-01,
       -4.2004369566037547e-01, 8.5386870239136115e-01,
       -4.1332242776586237e-01, -5.9796848696743465e-01,
       -6.8673012115357990e-01, 1.0876862724122991e+00, 0., 0., 0., 1. ]
T2_15: !!opencv-matrix
   rows: 4
   cols: 4
   dt: d
   data: [ -4.3043422654208996e-01, -7.9214584018761647e-01,
       4.3270237403389455e-01, -1.4379578224985223e+00,
       -7.6461201035405280e-01, 6.5233762426849085e-02,
       -6.4118096498724253e-01, 1.3756620535622419e+00,
       4.7968203035286505e-01, -6.0683566483282181e-01,
       -6.3376306743408484e-01, 1.1117980172120634e+00, 0., 0., 0., 1. ]
T1_16: !!opencv-matrix
   rows: 4
   cols: 4
   dt: d
   data: [ -5.3566285356132060e-02, 8.8591819870012301e-01,
       -4.6073810162073048e-01, 3.7705512521942292e-01,
       8.2763982068406849e-01, -2.1876503795732938e-01,
       -5.1686960191674169e-01, 1.1935415776842055e+00,
       -5.5869757498237649e-01, -4.0901198439588221e-01,
       -7.2150274866375552e-01, 1.4053319603617846e+00, 0., 0., 0., 1. ]
T2_16: !!opencv-matrix
   rows: 4
   cols: 4
   dt: d
   data: [ -3.3412975578928683e-01, -9.0065156942854718e-01,
       2.7782018785913809e-01, -1.2508574179169214e+00,
       -8.2115908330271303e-01, 1.3348070956067071e-01,
       -5.5486994880298590e-01, 1.0431904354277812e+00,
       4.6266085441243010e-01, -4.1353313127375302e-01,
       -7.8417809401518301e-01, 1.4294153560835654e+00, 0., 0., 0., 1. ]
T1_17: !!opencv-matrix
   rows: 4
   cols: 4
   dt: d
   data: [ -3.7508581919393791e-01, 6.7102478166501600e-01,
       -6.3955951297047453e-01, 7.5314492443621717e-01,
       8.4977178328065583e-01, -2.6782218079817843e-02,
       -5.2646996983184102e-01, 1.0684090635673145e+00,
       -3.7040321891099581e-01, -7.4095104776641152e-01,
       -5.6017229513269440e-01, 1.0225012483251841e+00, 0., 0., 0., 1. ]
T2_17: !!opencv-matrix
   rows: 4
   cols: 4
   dt: d
   data: [ -3.8613020756501548e-01, -6.6227426685525370e-01,
       6.4210299661902670e-01, -1.6284270876355116e+00,
       -8.4254609420436566e-01, -3.0164206160069096e-02,
       -5.3777895069229031e-01, 1.1322210821713978e+00,
       3.7552568746593884e-01, -7.4865406973319049e-01,
       -5.4634928564533225e-01, 1.0341137538378580e+00, 0., 0., 0., 1. ]
T1_18: !!opencv-matrix
   rows: 4
   cols: 4
   dt: d
   data: [ -2.3105116356551347e-01, 7.4356375732959024e-01,
       -6.2747772757359666e-01, 5.3555499856989131e-01,
       8.6972243336300792e-01, -1.3124067225206204e-01,
       -4.7577176760706935e-01, 1.1134433269188091e+00,
       -4.3611724194320811e-01, -6.5565907660363343e-01,
       -6.1637077035427312e-01, 9.1334984250929696e-01, 0., 0., 0., 1. ]
T2_18: !!opencv-matrix
   rows: 4
   cols: 4
   dt: d
   data: [ -4.3234748424929115e-01, -7.4344255016564387e-01,
       5.1026348827494339e-01, -1.4134605651095822e+00,
       -8.0603122685232620e-01, 6.4967057384016313e-02,
       -5.8829664523418457e-01, 1.1154121828672880e+00,
       4.0421444086306868e-01, -6.6563688003149746e-01,
       -6.2732625462329494e-01, 9.1943582293835613e-01, 0., 0., 0., 1. ]
T1_19: !!opencv-matrix
   rows: 4
   cols: 4
   dt: d
   data: [ -2.0855493798709634e-01, 7.9405423542379905e-01,
       -5.7094895485211694e-01, 7.4992453964104311e-01,
       7.9154253126546859e-01, -2.0583835633312830e-01,
       -5.7540506798248769e-01, 1.3445779451389930e+00,
       -5.7442602573269053e-01, -5.7193394921756691e-01,
       -5.8559909382899900e-01, 1.0453981458837753e+00, 0., 0., 0., 1. ]
T2_19: !!opencv-matrix
   rows: 4
   cols: 4
   dt: d
   data: [ -3.8186078740239404e-01, -8.0310654609629784e-01,
       4.5738628604462783e-01, -1.6025491122787812e+00,
       -8.6280481776233264e-01, 1.3237813381265684e-01,
       -4.8789740328719328e-01, 8.5993542502011422e-01,
       3.3128565542524047e-01, -5.8094397776855655e-01,
       -7.4347421556091331e-01, 1.0402521892448924e+00, 0., 0., 0., 1. ]
T1_20: !!opencv-matrix
   rows: 4
   cols: 4
   dt: d
   data: [ -2.4639521153005006e-01, 8.6667558530792821e-01,
       -4.3377739632929485e-01, 6.0456794250843437e-01,
       8.5377403658694884e-01, -1.7707876177624815e-02,
       -5.2034250794193759e-01, 1.1619483954981777e+00,
       -4.5864942405402570e-01, -4.9855778095666908e-01,
       -7.3558197698317263e-01, 1.3553572251067760e+00, 0., 0., 0., 1. ]
T2_20: !!opencv-matrix
   rows: 4
   cols: 4
   dt: d
   data: [ -2.4366993517018365e-01, -8.5621499998939021e-01,
       4.5554454939920724e-01, -1.4705608446226881e+00,
       -8.2558138088773281e-01, -6.3372502584125634e-02,
       -5.6071321497511462e-01, 1.0509253130238640e+00,
       5.0896006348795442e-01, -5.1271805089092903e-01,
       -6.9143318843178481e-01, 1.3692270526612844e+00, 0., 0., 0., 1. ]
T1_21: !!opencv-matrix
   rows: 4
   cols: 4
   dt: d
   data: [ -2.8569727448111681e-01, 7.3038362460856454e-01,
       -6.2041665697957948e-01, 7.4780152066366390e-01,
       8.2712629236938373e-01, -1.3902304524760734e-01,
       -5.4454998793623965e-01, 1.1087388870142085e+00,
       -4.8398260694506212e-01, -6.6873937658383587e-01,
       -5.6440099431248747e-01, 1.1622733142815460e+00, 0., 0., 0., 1. ]
T2_21: !!opencv-matrix
   rows: 4
   cols: 4
   dt: d
   data: [ -4.0267142389694288e-01, -7.2954708596513551e-01,
       5.5282616954752428e-01, -1.6296480328825265e+00,
       -8.5059999529999242e-01, 7.5130959858291879e-02,
       -5.2041808852731553e-01, 1.0958478342214388e+00,
       3.3813513921576061e-01, -6.7979142994785624e-01,
       -6.5080583847794982e-01, 1.1597518094725812e+00, 0., 0., 0., 1. ]
T1_22: !!opencv-matrix
   rows: 4
   cols: 4
   dt: d
   data: [ -1.9266391715341635e-01, 7.9766210333671661e-01,
       -5.7150309179176484e-01, 6.5788103555885324e-01,
       9.2801186014351567e-01, -4.1141715157988923e-02,
       -3.7027199017321105e-01, 1.0260384317761051e+00,
       -3.1886455190264262e-01, -6.0169969933040846e-01,
       -7.3231336828274718e-01, 1.0840856466027513e+00, 0., 0., 0., 1. ]
T2_22: !!opencv-matrix
   rows: 4
   cols: 4
   dt: d
   data: [ -4.0060646167011615e-01, -7.8930366757466408e-01,
       4.6531084580238830e-01, -1.5509760759781790e+00,
       -7.2836964326036036e-01, -3.3760025531424542e-02,
       -6.8435219255358060e-01, 1.1852185915748730e+00,
       5.5587060152964118e-01, -6.1307420515733801e-01,
       -5.6138034640141532e-01, 1.1183669890446031e+00, 0., 0., 0., 1. ]
T1_23: !!opencv-matrix
   rows: 4
   cols: 4
   dt: d
   data: [ -3.3041870948993890e-01, 7.9073372153525134e-01,
       -5.1532868932945641e-01, 7.5774202577624916e-01,
       8.7914272989177877e-01, 5.9188596231990909e-02,
       -4.7286866099850333e-01, 1.0380768275148713e+00,
       -3.4341161438925533e-01, -6.0929212345401140e-01,
       -7.1472482215148192e-01, 1.2185632586730959e+00, 0., 0., 0., 1. ]
T2_23: !!opencv-matrix
   rows: 4
   cols: 4
   dt: d
   data: [ -2.9291132382582474e-01, -7.7258952523463287e-01,
       5.6330132422383650e-01, -1.6353803477677671e+00,
       -7.9485291802280900e-01, -1.3068938889462345e-01,
       -5.9256149245540402e-01, 1.1619966171182687e+00,
       5.3142430795479112e-01, -6.2130967248874758e-01,
       -5.7581463665549260e-01, 1.2409841043719536e+00, 0., 0., 0., 1. ]
T1_24: !!opencv-matrix
   rows: 4
   cols: 4
   dt: d
   data: [ -1.5531562344902028e-01, 8.2768796935853084e-01,
       -5.3926772802736289e-01, 5.2629018107505265e-01,
       9.0953985838056828e-01, -9.3215207288598112e-02,
       -4.0502860534436275e-01, 1.1200100064731262e+00,
       -3.8550525694171545e-01, -5.5339276333296528e-01,
       -7.3833742039870009e-01, 1.2107396683560721e+00, 0., 0., 0., 1. ]
T2_24: !!opencv-matrix
   rows: 4
   cols: 4
   dt: d
   data: [ -3.8224406856933557e-01, -8.2590392290727610e-01,
       4.1445407727507450e-01, -1.4095426437907759e+00,
       -7.5096608183443025e-01, 1.6290878126766994e-02,
       -6.6013979672801326e-01, 1.1064543954633135e+00,
       5.3846022692284801e-01, -5.6357547623741688e-01,
       -6.2645292449310519e-01, 1.2415316591400287e+00, 0., 0., 0., 1. ]
T1_25: !!opencv-matrix
   rows: 4
   cols: 4
   dt: d
   data: [ -2.0138437577758483e-01, 8.7819870804412870e-01,
       -4.3383333479839459e-01, 5.2371590762924236e-01,
       6.6690282323200578e-01, -2.0146381405439451e-01,
       -7.1739316695368416e-01, 1.5428128731158692e+00,
       -7.1741547067083300e-01, -4.3379645090327767e-01,
       -5.4510153331821387e-01, 1.4665672082542134e+00, 0., 0., 0., 1. ]
T2_25: !!opencv-matrix
   rows: 4
   cols: 4
   dt: d
   data: [ -2.4580591083904757e-01, -8.8849287830445078e-01,
       3.8750465726086231e-01, -1.3541091818851942e+00,
       -9.3881883759602491e-01, 1.1872532507092692e-01,
       -3.2330092384905301e-01, 6.8303741547860175e-01,
       2.4124395198933918e-01, -4.4326594995451091e-01,
       -8.6331723789085224e-01, 1.4469521505887550e+00, 0., 0., 0., 1. ]
T1_26: !!opencv-matrix
   rows: 4
   cols: 4
   dt: d
   data: [ -2.0007847225743913e-01, 8.3006484738457431e-01,
       -5.2053909946857257e-01, 5.8742825185168046e-01,
       9.2087826425156993e-01, -2.2115844248222327e-02,
       -3.8922244521893123e-01, 1.0256617684536982e+00,
       -3.3459203123825987e-01, -5.5722817460140306e-01,
       -7.5996377154588335e-01, 1.2562333512117776e+00, 0., 0., 0., 1. ]
T2_26: !!opencv-matrix
   rows: 4
   cols: 4
   dt: d
   data: [ -3.5114103981921763e-01, -8.1948788707800657e-01,
       4.5292336337078398e-01, -1.4792801555627419e+00,
       -7.3894893665752071e-01, -5.4529104731348088e-02,
       -6.7155122347436569e-01, 1.1925991439324028e+00,
       5.7502559870617798e-01, -5.7049643265284500e-01,
       -5.8641229622423463e-01, 1.2890947624099049e+00, 0., 0., 0., 1. ]
T1_27: !!opencv-matrix
   rows: 4
   cols: 4
   dt: d
   data: [ 3.6093200984672613e-03, 8.5231943894410522e-01,
       -5.2300912688635981e-01, 5.0658663529362014e-01,
       7.5644381839537511e-01, -3.4440497767223821e-01,
       -5.5603773340125939e-01, 1.1352691351432844e+00,
       -6.5404871563198685e-01, -3.9362010283087784e-01,
       -6.4597483869540739e-01, 1.4114913901705453e+00, 0., 0., 0., 1. ]
T2_27: !!opencv-matrix
   rows: 4
   cols: 4
   dt: d
   data: [ -4.1628812531013715e-01, -8.7574789262073283e-01,
       2.4447868065767395e-01, -1.4046098983722470e+00,
       -8.3504566999054630e-01, 2.6186119249025408e-01,
       -4.8386717691699405e-01, 1.0990814483047431e+00,
       3.5972618163793829e-01, -4.0557902366607618e-01,
       -8.4029919064953384e-01, 1.4075439718699378e+00, 0., 0., 0., 1. ]
T1_28: !!opencv-matrix
   rows: 4
   cols: 4
   dt: d
   data: [ -1.4766921154968338e-01, 8.7362357639245725e-01,
       -4.6365466753991269e-01, 4.5561384358821322e-01,
       7.9174445654114300e-01, -1.7653294094420913e-01,
       -5.8478785580581116e-01, 1.1661503708926484e+00,
       -5.9273478006327984e-01, -4.5345117436482668e-01,
       -6.6561814351059745e-01, 1.2106481818761043e+00, 0., 0., 0., 1. ]
T2_28: !!opencv-matrix
   rows: 4
   cols: 4
   dt: d
   data: [ -3.0156705489192182e-01, -8.8205393936886445e-01,
       3.6199193284889736e-01, -1.3277636263116701e+00,
       -8.6562596708290274e-01, 9.4132654486460687e-02,
       -4.9176287829717513e-01, 1.0682065716859113e+00,
       3.9968612249564334e-01, -4.6164909986178948e-01,
       -7.9191610166809823e-01, 1.2188934376076948e+00, 0., 0., 0., 1. ]
T1_29: !!opencv-matrix
   rows: 4
   cols: 4
   dt: d
   data: [ -4.2813871516244606e-01, 8.4919699549756211e-01,
       -3.0913056047075582e-01, 7.8702551260083142e-01,
       8.3166207482663379e-01, 2.3639256018581289e-01,
       -5.0245074463459161e-01, 1.2147866785566552e+00,
       -3.5360349810785074e-01, -4.7221077955369717e-01,
       -8.0745374220396116e-01, 1.5230354690327839e+00, 0., 0., 0., 1. ]
T2_29: !!opencv-matrix
   rows: 4
   cols: 4
   dt: d
   data: [ -6.8482533242031129e-02, -8.1392904986660175e-01,
       5.7691389688930605e-01, -1.6336516158453493e+00,
       -7.8480952655408187e-01, -3.1306833632387665e-01,
       -5.3484785109539090e-01, 9.8196559556997609e-01,
       6.1594167716652504e-01, -4.8939525802223577e-01,
       -6.1733955952509412e-01, 1.5592048669357585e+00, 0., 0., 0., 1. ]
T1_30: !!opencv-matrix
   rows: 4
   cols: 4
   dt: d
   data: [ -4.4567859698387835e-02, 7.5981706676941152e-01,
       -6.4860753227805834e-01, 8.0314256387943872e-01,
       7.4772991414579115e-01, -4.0519026247404932e-01,
       -5.2604260919410195e-01, 1.2092298606471719e+00,
       -6.6250560855998242e-01, -5.0842784762652271e-01,
       -5.5007948733290246e-01, 1.5010013786988741e+00, 0., 0., 0., 1. ]
T2_30: !!opencv-matrix
   rows: 4
   cols: 4
   dt: d
   data: [ -5.1609491778560490e-01, -7.8918333362582715e-01,
       3.3291996299876031e-01, -1.6940622523871278e+00,
       -8.1510806166791183e-01, 3.3310648961833711e-01,
       -4.7396087853126478e-01, 9.9042089289964919e-01,
       2.6314422592914560e-01, -5.1597454636965867e-01,
       -8.1518426374579622e-01, 1.4849610346043132e+00, 0., 0., 0., 1. ]
T1_31: !!opencv-matrix
   rows: 4
   cols: 4
   dt: d
   data: [ -5.4224819785502865e-02, 8.0220074763929394e-01,
       -5.9458694015777669e-01, 7.2348818338395193e-01,
       7.7635019335683653e-01, -3.4061069311364567e-01,
       -5.3034397612440587e-01, 1.2623110423903443e+00,
       -6.2796500395645649e-01, -4.9036549248861261e-01,
       -6.0431915208966203e-01, 1.3870167123276242e+00, 0., 0., 0., 1. ]
T2_31: !!opencv-matrix
   rows: 4
   cols: 4
   dt: d
   data: [ -4.6391724616136054e-01, -8.2293470463444673e-01,
       3.2796228536567390e-01, -1.6033791388927625e+00,
       -8.2383229955469950e-01, 2.6465962005568811e-01,
       -5.0125405506828047e-01, 9.4623381959667097e-01,
       3.2570098391695962e-01, -5.0272632457450928e-01,
       -8.0074035220871043e-01, 1.3708817001417519e+00, 0., 0., 0., 1. ]
T1_32: !!opencv-matrix
   rows: 4
   cols: 4
   dt: d
   data: [ -1.4406566849671920e-01, 6.8709799787912140e-01,
       -7.1213862728481192e-01, 7.7163388158839552e-01,
       8.9238919765296121e-01, -2.2079526678981232e-01,
       -3.9356190119918866e-01, 9.6605541663443728e-01,
       -4.2765243255814378e-01, -6.9220357661147536e-01,
       -5.8134981332531943e-01, 1.0518879285057692e+00, 0., 0., 0., 1. ]
T2_32: !!opencv-matrix
   rows: 4
   cols: 4
   dt: d
   data: [ -5.4771276910449207e-01, -6.9576040902084724e-01,
       4.6468072458305432e-01, -1.6842850790316592e+00,
       -7.4863131365336943e-01, 1.5955574307663001e-01,
       -6.4350067682085210e-01, 1.2363885556707586e+00,
       3.7357981580583211e-01, -7.0032807889617532e-01,
       -6.0825874686030845e-01, 1.0623426530744111e+00, 0., 0., 0., 1. ]
T1_33: !!opencv-matrix
   rows: 4
   cols: 4
   dt: d
   data: [ -2.2570701146687933e-01, 5.8044983296671893e-01,
       -7.8239014333233925e-01, 7.7630631995570099e-01,
       8.7667302265233715e-01, -2.2922463808786486e-01,
       -4.2296628310907042e-01, 9.8542429172306334e-01,
       -4.2485380583008192e-01, -7.8136678756035938e-01,
       -4.5712710154758884e-01, 8.7692831649521985e-01, 0., 0., 0., 1. ]
T2_33: !!opencv-matrix
   rows: 4
   cols: 4
   dt: d
   data: [ -5.7923426492495800e-01, -5.8911820552046612e-01,
       5.6340696327005868e-01, -1.6804637261988231e+00,
       -7.7359479357794003e-01, 1.7937902329384614e-01,
       -6.0776168137786557e-01, 1.2174260250399362e+00,
       2.5698008032909458e-01, -7.8788508421373959e-01,
       -5.5964125329317937e-01, 8.7270577004039329e-01, 0., 0., 0., 1. ]
T1_34: !!opencv-matrix
   rows: 4
   cols: 4
   dt: d
   data: [ -7.1720046463690235e-03, 8.7142105726451868e-01,
       -4.9048333641963915e-01, 4.7569527311331894e-01,
       7.9978868902027123e-01, -2.8942346777793304e-01,
       -5.2590123522828081e-01, 1.2167511464419187e+00,
       -6.0023879853320727e-01, -3.9605479072394034e-01,
       -6.9487695851857634e-01, 1.3854779454278756e+00, 0., 0., 0., 1. ]
T2_34: !!opencv-matrix
   rows: 4
   cols: 4
   dt: d
   data: [ -3.8367481312673912e-01, -8.8914843148937417e-01,
       2.4941672869346110e-01, -1.3610115784927479e+00,
       -8.2128080514393254e-01, 2.0504344798843832e-01,
       -5.3240494319563425e-01, 1.0153619057710233e+00,
       4.2224575412228349e-01, -4.0911153884606860e-01,
       -8.0891054629588410e-01, 1.3876818316706634e+00, 0., 0., 0., 1. ]
T1_35: !!opencv-matrix
   rows: 4
   cols: 4
   dt: d
   data: [ -3.5989183826737681e-01, 8.5177721741149892e-01,
       -3.8072750970642100e-01, 5.4837073486373056e-01,
       8.4793129970328718e-01, 1.2837259001137269e-01,
       -5.1432770595921296e-01, 1.1611594511270158e+00,
       -3.8921764570998463e-01, -5.0793311570766531e-01,
       -7.6844881041971891e-01, 1.2190845695980856e+00, 0., 0., 0., 1. ]
T2_35: !!opencv-matrix
   rows: 4
   cols: 4
   dt: d
   data: [ -1.5752788110082672e-01, -8.2727550381433823e-01,
       5.3925894286939435e-01, -1.3996691400007180e+00,
       -8.0763539162593356e-01, -2.0630407342266222e-01,
       -5.5241624114651244e-01, 1.0658458834231590e+00,
       5.6825174075325879e-01, -5.2254556746560354e-01,
       -6.3563833195689323e-01, 1.2425917863475517e+00, 0., 0., 0., 1. ]
T1_36: !!opencv-matrix
   rows: 4
   cols: 4
   dt: d
   data: [ -3.5320026855931252e-01, 8.5501379217558693e-01,
       -3.7973804850074272e-01, 5.5017326562714675e-01,
       8.5038867497537884e-01, 1.2421312984011268e-01,
       -5.1128289610443967e-01, 1.1573888181661283e+00,
       -3.8998547634911968e-01, -5.0351019211615367e-01,
       -7.7096615663199186e-01, 1.2234595479901094e+00, 0., 0., 0., 1. ]
T2_36: !!opencv-matrix
   rows: 4
   cols: 4
   dt: d
   data: [ -1.5941902608222991e-01, -8.2905244843697856e-01,
       5.3596418897501397e-01, -1.4041161307541981e+00,
       -8.0854778509492720e-01, -2.0184970962234994e-01,
       -5.5272703384533395e-01, 1.0665621967115579e+00,
       5.6642391663936742e-01, -5.2146786331088923e-01,
       -6.3814983678826964e-01, 1.2400565062988242e+00, 0., 0., 0., 1. ]
T1_37: !!opencv-matrix
   rows: 4
   cols: 4
   dt: d
   data: [ -5.6715530066118180e-02, 8.0694877554224520e-01,
       -5.8789201585001194e-01, 5.0560467188515124e-01,
       7.9406350828832439e-01, -3.2047158431575884e-01,
       -5.1648921426394367e-01, 1.1528437037896229e+00,
       -6.0518302475710406e-01, -4.9611655616096817e-01,
       -6.2259285994044600e-01, 1.3191218898925645e+00, 0., 0., 0., 1. ]
T2_37: !!opencv-matrix
   rows: 4
   cols: 4
   dt: d
   data: [ -4.5523348021017895e-01, -8.2893107705472724e-01,
       3.2501653494648247e-01, -1.3960384456023327e+00,
       -8.1760967503854876e-01, 2.4465465845098355e-01,
       -5.2120870808303932e-01, 1.0768221099819102e+00,
       3.5252928641332298e-01, -5.0300831761624198e-01,
       -7.8911706015634353e-01, 1.3212882996817399e+00, 0., 0., 0., 1. ]
