%YAML:1.0
---
frameCount: 72
T1_0: !!opencv-matrix
   rows: 4
   cols: 4
   dt: d
   data: [ 3.8076739943649085e-01, -7.2358829508582800e-01,
       5.7570493027344893e-01, -1.4961117643930781e+00,
       -8.5621228379799674e-01, -4.0801768684678885e-02,
       5.1501042780279804e-01, -2.6775482972565695e-01,
       -3.4916573800960304e-01, -6.8902481442034214e-01,
       -6.3508117001941011e-01, 1.2178361921451373e+00, 0., 0., 0., 1. ]
T2_0: !!opencv-matrix
   rows: 4
   cols: 4
   dt: d
   data: [ -3.8662842235040973e-01, -7.1736904409972957e-01,
       5.7956890668692163e-01, -1.5834577494163666e+00,
       -8.0464438340967348e-01, -4.4676051788891558e-02,
       -5.9207386924590988e-01, 1.2866349967336002e+00,
       4.5062831610774290e-01, -6.9525945154596547e-01,
       -5.5995394074682947e-01, 1.2451808097975210e+00, 0., 0., 0., 1. ]
T1_1: !!opencv-matrix
   rows: 4
   cols: 4
   dt: d
   data: [ 3.1879019533548048e-01, -7.6568647863025929e-01,
       5.5865644881336496e-01, -1.6091513922136755e+00,
       -8.5980834686884999e-01, 1.4427646204516642e-02,
       5.1041301872077349e-01, -2.2100258760660951e-01,
       -3.9887644454470050e-01, -6.4305214366160934e-01,
       -6.5374423325914521e-01, 1.4575038386404646e+00, 0., 0., 0., 1. ]
T2_1: !!opencv-matrix
   rows: 4
   cols: 4
   dt: d
   data: [ -3.9305550739435446e-01, -7.5956167710177969e-01,
       5.1824070352038010e-01, -1.7052499543405717e+00,
       -8.0215406392461208e-01, 7.7236166950076512e-03,
       -5.9706716831054962e-01, 1.3266165473806804e+00,
       4.4950664715462907e-01, -6.5038942520883636e-01,
       -6.1232129616756215e-01, 1.4812014761290211e+00, 0., 0., 0., 1. ]
T1_2: !!opencv-matrix
   rows: 4
   cols: 4
   dt: d
   data: [ 3.8428516400233792e-01, -7.0239154436379336e-01,
       5.9914191234960479e-01, -1.6196666666469004e+00,
       -8.9718405220822106e-01, -1.3110490108574235e-01,
       4.2174907394626671e-01, -6.2768713520381547e-02,
       -2.1768254222820049e-01, -6.9961248081887650e-01,
       -6.8055616042434330e-01, 1.1618656533204421e+00, 0., 0., 0., 1. ]
T2_2: !!opencv-matrix
   rows: 4
   cols: 4
   dt: d
   data: [ -4.0984466729804492e-01, -6.9036998566698071e-01,
       5.9616829132177751e-01, -1.7193468780194099e+00,
       -7.3688998281872120e-01, -1.3461681956333726e-01,
       -6.6247374673422099e-01, 1.4890972991633964e+00,
       5.3760627033990194e-01, -7.1082177427314708e-01,
       -4.5355474125004536e-01, 1.1963038696700914e+00, 0., 0., 0., 1. ]
T1_3: !!opencv-matrix
   rows: 4
   cols: 4
   dt: d
   data: [ 1.3196458501649966e-01, -8.3811232369824185e-01,
       5.2929489055398649e-01, -1.5935095867604139e+00,
       -7.9402585696186512e-01, 2.3026662041148005e-01,
       5.6258352446570203e-01, -4.1045011531383219e-01,
       -5.9338713061322701e-01, -4.9451493040090183e-01,
       -6.3509581704904372e-01, 1.4526370349207252e+00, 0., 0., 0., 1. ]
T2_3: !!opencv-matrix
   rows: 4
   cols: 4
   dt: d
   data: [ -4.3356304098636622e-01, -8.3625333776110211e-01,
       3.3571333690229060e-01, -1.6958312791920411e+00,
       -8.2397939857924563e-01, 2.1708725315943544e-01,
       -5.2338425199147520e-01, 1.1382501441160207e+00,
       3.6480274150236242e-01, -5.0354094133357952e-01,
       -7.8317653194746173e-01, 1.4559111531262787e+00, 0., 0., 0., 1. ]
T1_4: !!opencv-matrix
   rows: 4
   cols: 4
   dt: d
   data: [ 4.8684330552808786e-01, -7.6967981531310570e-01,
       4.1300917394419745e-01, -1.6042117627977472e+00,
       -8.6050949637309282e-01, -3.4140115357368361e-01,
       3.7811196620879961e-01, -1.5574476546351257e-01,
       -1.5002333989820102e-01, -5.3947959575700510e-01,
       -8.2852565636053033e-01, 1.4158351171959458e+00, 0., 0., 0., 1. ]
T2_4: !!opencv-matrix
   rows: 4
   cols: 4
   dt: d
   data: [ -2.0063748879606469e-01, -7.5443952460560471e-01,
       6.2495247963543454e-01, -1.6795918612978100e+00,
       -6.8197593732562500e-01, -3.5041528196383687e-01,
       -6.4196413534950669e-01, 1.3971468776645120e+00,
       7.0331601645237984e-01, -5.5500462509701110e-01,
       -4.4420315973941693e-01, 1.4641194802652777e+00, 0., 0., 0., 1. ]
T1_5: !!opencv-matrix
   rows: 4
   cols: 4
   dt: d
   data: [ 1.7710525112620468e-01, -7.2759515945468134e-01,
       6.6275109502862450e-01, -1.6847215834031166e+00,
       -8.7286659738658867e-01, 1.9497977954615697e-01,
       4.4731061773100234e-01, -1.5880337924196508e-01,
       -4.5468410263641601e-01, -6.5771435251653798e-01,
       -6.0056156828710616e-01, 1.2222678004216290e+00, 0., 0., 0., 1. ]
T2_5: !!opencv-matrix
   rows: 4
   cols: 4
   dt: d
   data: [ -5.4439804621684917e-01, -7.2152289658370250e-01,
       4.2782645661616164e-01, -1.7976383270648975e+00,
       -7.4818318590910893e-01, 1.8705469991771728e-01,
       -6.3657871434849933e-01, 1.3930132380570170e+00,
       3.7927916842106230e-01, -6.6664476968184205e-01,
       -6.4166351264324728e-01, 1.2258774259699761e+00, 0., 0., 0., 1. ]
T1_6: !!opencv-matrix
   rows: 4
   cols: 4
   dt: d
   data: [ 3.1148824566725730e-01, -6.7123997014414227e-01,
       6.7261577092127811e-01, -1.6961351887458656e+00,
       -8.5114489727172282e-01, 1.1765196493753338e-01,
       5.1157636672802376e-01, -2.6602998425263075e-01,
       -4.2252507222582958e-01, -7.3184350624107353e-01,
       -5.3467527127531245e-01, 1.0778220065924069e+00, 0., 0., 0., 1. ]
T2_6: !!opencv-matrix
   rows: 4
   cols: 4
   dt: d
   data: [ -4.9947730266850732e-01, -6.6729218087677356e-01,
       5.5248852427875073e-01, -1.7966676853382095e+00,
       -8.0161057261535928e-01, 1.1412900011883076e-01,
       -5.8685182218610499e-01, 1.2785516167003170e+00,
       3.2854666942501237e-01, -7.3599980752211835e-01,
       -5.9191331234998956e-01, 1.0889965775381545e+00, 0., 0., 0., 1. ]
T1_7: !!opencv-matrix
   rows: 4
   cols: 4
   dt: d
   data: [ 2.4485866222680253e-01, -7.6134821377829631e-01,
       6.0032752136571099e-01, -1.7196848191728111e+00,
       -8.7288579250011034e-01, 9.6414897153445644e-02,
       4.7830383738617943e-01, -1.5422060438450841e-01,
       -4.2203628846813046e-01, -6.4113420200726146e-01,
       -6.4096201621668403e-01, 1.2333345031775780e+00, 0., 0., 0., 1. ]
T2_7: !!opencv-matrix
   rows: 4
   cols: 4
   dt: d
   data: [ -4.5895068032695896e-01, -7.5617284343252023e-01,
       4.6644067563045838e-01, -1.8265466470228626e+00,
       -7.7732021634573767e-01, 8.7497767275488414e-02,
       -6.2299070778144017e-01, 1.3921441195847615e+00,
       4.3027613725099462e-01, -6.4849577606718578e-01,
       -6.2794559806991357e-01, 1.2540005877798630e+00, 0., 0., 0., 1. ]
T1_8: !!opencv-matrix
   rows: 4
   cols: 4
   dt: d
   data: [ 2.0643775029252009e-01, -9.2817760655846349e-01,
       3.0962846435294855e-01, -1.2307729075314853e+00,
       -8.7502889338845669e-01, -3.3524624655936641e-02,
       4.8290841292842623e-01, -3.2677846186461440e-01,
       -4.3784459684862620e-01, -3.7062437888660349e-01,
       -8.1910297202817128e-01, 1.6610537356531190e+00, 0., 0., 0., 1. ]
T2_8: !!opencv-matrix
   rows: 4
   cols: 4
   dt: d
   data: [ -2.0393306883184104e-01, -9.2280896526786738e-01,
       3.2685611063291409e-01, -1.3120423150067104e+00,
       -7.7868825603380520e-01, -4.9452103025226624e-02,
       -6.2545910291674045e-01, 1.2300023759420546e+00,
       5.9334298963740950e-01, -3.8207080904935742e-01,
       -7.0849558468667295e-01, 1.6962357392511886e+00, 0., 0., 0., 1. ]
T1_9: !!opencv-matrix
   rows: 4
   cols: 4
   dt: d
   data: [ 2.0203100727524259e-01, -8.9923387488088324e-01,
       3.8802307968220545e-01, -1.5368163646858530e+00,
       -7.9084629727984712e-01, 8.3913255058810199e-02,
       6.0623485523697085e-01, -5.4307743108705286e-01,
       -5.7770719761667055e-01, -4.2934485427468133e-01,
       -6.9420270089488012e-01, 1.6014571666446584e+00, 0., 0., 0., 1. ]
