%YAML:1.0
---
frameCount: 38
T1_0: !!opencv-matrix
   rows: 4
   cols: 4
   dt: d
   data: [ -2.7004463142759194e-01, 6.7794469975155602e-01,
       -6.8371549720326552e-01, 6.1101304772079412e-01,
       9.2409211368985289e-01, -1.6951443687305945e-02,
       -3.8179367984964852e-01, 8.9782944691584532e-01,
       -2.7042496640169128e-01, -7.3491743252945663e-01,
       -6.2190570419554403e-01, 9.9043792622043070e-01, 0., 0., 0., 1. ]
T2_0: !!opencv-matrix
   rows: 4
   cols: 4
   dt: d
   data: [ -4.7711308230075677e-01, -6.6682353979633335e-01,
       5.7245914567850065e-01, -1.5166267350527678e+00,
       -7.4431437951544832e-01, -3.9748391180403519e-02,
       -6.6664546037988026e-01, 1.3240941463857863e+00,
       4.6728921573689669e-01, -7.4415484421728884e-01,
       -4.7736187183722389e-01, 1.0163810216647673e+00, 0., 0., 0., 1. ]
T1_1: !!opencv-matrix
   rows: 4
   cols: 4
   dt: d
   data: [ -2.8682764853541909e-01, 7.6960914686519311e-01,
       -5.7046617874951322e-01, 6.5282072462066332e-01,
       9.0739850283302825e-01, 2.7316992672581364e-02,
       -4.1938256874565583e-01, 8.7328289421236205e-01,
       -3.0717724051762152e-01, -6.3793067254424729e-01,
       -7.0617745640541618e-01, 1.1516576381394259e+00, 0., 0., 0., 1. ]
T2_1: !!opencv-matrix
   rows: 4
   cols: 4
   dt: d
   data: [ -3.6480317196821943e-01, -7.5406953246866770e-01,
       5.4616644525676461e-01, -1.5582252852020213e+00,
       -7.6204838082027604e-01, -9.5230598693596180e-02,
       -6.4047903819067709e-01, 1.3425570816071193e+00,
       5.3497748645258081e-01, -6.4985403997739688e-01,
       -5.3989704177179432e-01, 1.1839249143943875e+00, 0., 0., 0., 1. ]
T1_2: !!opencv-matrix
   rows: 4
   cols: 4
   dt: d
   data: [ -3.0050728101969471e-01, 6.6472916461086395e-01,
       -6.8398136799908016e-01, 7.2027111239244834e-01,
       9.2216259367978859e-01, 1.9381143362420361e-02,
       -3.8631660862527051e-01, 8.8922383966285323e-01,
       -2.4353957557636366e-01, -7.4683298601341130e-01,
       -6.1881254522704721e-01, 8.1227767360737158e-01, 0., 0., 0., 1. ]
T2_2: !!opencv-matrix
   rows: 4
   cols: 4
   dt: d
   data: [ -4.6385128309394030e-01, -6.4814252675771422e-01,
       6.0394805420684250e-01, -1.6222692089495780e+00,
       -7.4991802628709914e-01, -7.5687362590130203e-02,
       -6.5718671395107497e-01, 1.3176979993807374e+00,
       4.7166189269620573e-01, -7.5774843328922570e-01,
       -4.5094608416745041e-01, 8.3221479677798593e-01, 0., 0., 0., 1. ]
T1_3: !!opencv-matrix
   rows: 4
   cols: 4
   dt: d
   data: [ -2.8721185173633157e-01, 7.4326893386800497e-01,
       -6.0420248606647331e-01, 6.0792708223441272e-01,
       8.3709611284209617e-01, -1.1184028389663969e-01,
       -5.3550149277342973e-01, 1.0634833525567253e+00,
       -4.6559580119116217e-01, -6.5957792780280211e-01,
       -5.9006568030052509e-01, 1.1196044133215213e+00, 0., 0., 0., 1. ]
T2_3: !!opencv-matrix
   rows: 4
   cols: 4
   dt: d
   data: [ -3.8635008992492548e-01, -7.4221898089611138e-01,
       5.4758067205895777e-01, -1.4896723491455974e+00,
       -8.4508600165743897e-01, 4.6992711920216923e-02,
       -5.3256110900912268e-01, 1.1557478520023037e+00,
       3.6954466281850851e-01, -6.6850779309139052e-01,
       -6.4539450939594589e-01, 1.1249652043016938e+00, 0., 0., 0., 1. ]
T1_4: !!opencv-matrix
   rows: 4
   cols: 4
   dt: d
   data: [ -1.4196776055966120e-01, 8.9894455449816901e-01,
       -4.1441988719143702e-01, 2.7823386710163323e-01,
       8.2768232304778822e-01, -1.2183212834897184e-01,
       -5.4781283721374840e-01, 1.1693094404785536e+00,
       -5.4294302378416459e-01, -4.2077977665288085e-01,
       -7.2674428273228275e-01, 1.2021274780182654e+00, 0., 0., 0., 1. ]
T2_4: !!opencv-matrix
   rows: 4
   cols: 4
   dt: d
   data: [ -2.6334400343782249e-01, -9.0046803810702158e-01,
       3.4613183644535195e-01, -1.1482129571868367e+00,
       -8.4002824703032375e-01, 3.7621716651620951e-02,
       -5.4123668632803035e-01, 1.0872090068062761e+00,
       4.7434426321449463e-01, -4.3329195559562006e-01,
       -7.6632604103711754e-01, 1.2114151271221338e+00, 0., 0., 0., 1. ]
T1_5: !!opencv-matrix
   rows: 4
   cols: 4
   dt: d
   data: [ -3.2101014406075024e-01, 7.7578226584833787e-01,
       -5.4324429440659106e-01, 7.5028043610075068e-01,
       8.4211624126403628e-01, -2.8652211621486456e-02,
       -5.3853438791643460e-01, 1.0409422758856557e+00,
       -4.3335057818056227e-01, -6.3034984474053468e-01,
       -6.4410119517522713e-01, 1.3222450777057821e+00, 0., 0., 0., 1. ]
T2_5: !!opencv-matrix
   rows: 4
   cols: 4
   dt: d
   data: [ -3.1827992117956705e-01, -7.6507398133176330e-01,
       5.5978540072343197e-01, -1.6354342870982048e+00,
       -8.4535389850879294e-01, -3.8188290780730938e-02,
       -5.3283997665643634e-01, 1.1572051827314411e+00,
       4.2903925001089804e-01, -6.4280903660139310e-01,
       -6.3460370658677601e-01, 1.3313145148945909e+00, 0., 0., 0., 1. ]
T1_6: !!opencv-matrix
   rows: 4
   cols: 4
   dt: d
   data: [ -3.7540981777581517e-01, 8.0015205122152411e-01,
       -4.6778645089775411e-01, 6.4964977606390772e-01,
       9.0547048360928239e-01, 2.0881214535304782e-01,
       -3.6948706508541029e-01, 8.0769760616984954e-01,
       -1.9796634064886359e-01, -5.6227589569449377e-01,
       -8.0290419421687731e-01, 1.2128228967648977e+00, 0., 0., 0., 1. ]
T2_6: !!opencv-matrix
   rows: 4
   cols: 4
   dt: d
   data: [ -2.3699274595428754e-01, -7.6952258114399563e-01,
       5.9301723033528220e-01, -1.5410579939516120e+00,
       -7.0826648602061915e-01, -2.8095472162971857e-01,
       -6.4762877420168063e-01, 1.4052453713587933e+00,
       6.6497595681727517e-01, -5.7349755143631609e-01,
       -4.7844282349252509e-01, 1.2650045812313415e+00, 0., 0., 0., 1. ]
T1_7: !!opencv-matrix
   rows: 4
   cols: 4
   dt: d
   data: [ -1.8701757939930053e-01, 8.4439245784873773e-01,
       -5.0202171479308944e-01, 7.1269889930960229e-01,
       7.3621621463850595e-01, -2.1787070631730154e-01,
       -6.4071681781591283e-01, 1.3666175032699361e+00,
       -6.5039227416919365e-01, -4.8942183487965468e-01,
       -5.8090976686922424e-01, 1.2681681795285511e+00, 0., 0., 0., 1. ]
T2_7: !!opencv-matrix
   rows: 4
   cols: 4
   dt: d
   data: [ -3.2010167156244718e-01, -8.5464951174242976e-01,
       4.0878983835383453e-01, -1.5643604621194029e+00,
       -8.9893774663445569e-01, 1.3778610700969052e-01,
       -4.1584362011564113e-01, 8.4173423265508873e-01,
       2.9907498648114150e-01, -5.0058885404445519e-01,
       -8.1238226941986169e-01, 1.2536282151573359e+00, 0., 0., 0., 1. ]
T1_8: !!opencv-matrix
   rows: 4
   cols: 4
   dt: d
   data: [ -3.3469932309737116e-01, 7.8289606277889812e-01,
       -5.2445220754942112e-01, 8.9460266031744307e-01,
       8.4633492743516703e-01, 5.0199385609126512e-03,
       -5.3262744091921799e-01, 1.0671437914710771e+00,
       -4.1435920856362285e-01, -6.2213226495829987e-01,
       -6.6427245251958467e-01, 1.2164180553835020e+00, 0., 0., 0., 1. ]
T2_8: !!opencv-matrix
   rows: 4
   cols: 4
   dt: d
   data: [ -2.9489662620175050e-01, -7.7021067070216720e-01,
       5.6551879066158584e-01, -1.7703199124107347e+00,
       -8.3790315956416039e-01, -7.6039012066083211e-02,
       -5.4049640501710194e-01, 1.1170060112290123e+00,
       4.5929758876704552e-01, -6.3324054780196404e-01,
       -6.2293830639337466e-01, 1.2350541480581088e+00, 0., 0., 0., 1. ]
T1_9: !!opencv-matrix
   rows: 4
   cols: 4
   dt: d
   data: [ -9.6026368533130180e-02, 9.7501623945531657e-01,
       -2.0030544012770143e-01, 1.6722263142175536e-01,
       8.2710830909287325e-01, -3.3796622996246528e-02,
       -5.6102551929798850e-01, 1.1954478288648351e+00,
       -5.5377863950848405e-01, -2.1954753715872630e-01,
       -8.0319866617896607e-01, 1.6909757802833565e+00, 0., 0., 0., 1. ]
