<?xml version="1.0"?>
<opencv_storage>
<robotposes type_id="opencv-matrix">
  <rows>28</rows>
  <cols>7</cols>
  <dt>d</dt>
  <data>
    4.9570075790149859e-01 4.1050731806267804e-01 5.5681395284924640e-01
    2.2188236368433106e-01 -3.2328268255986453e-01
    -1.3218903176060220e-01 9.1037496874911195e-01
    4.7950403328816643e-01 4.1334017696540187e-01 5.4462185945650821e-01
    2.0409706384566861e-01 -3.1689903087520338e-01
    -7.6529864723696717e-02 9.2307235500003282e-01
    5.0959613220971733e-01 4.0801287449488860e-01 5.6860052798236549e-01
    1.9079018685348570e-01 -3.6077662859327597e-01
    -7.5870480029765042e-02 9.0977084978654632e-01
    4.4397463679170157e-01 7.0047538045656632e-01 6.0610610558488154e-01
    -3.9177733306563094e-02 -4.0429712475926144e-01
    -2.4392341200262643e-01 8.8063063153705423e-01
    4.3369516575528066e-01 7.0084563597557392e-01 5.9635652680263773e-01
    -3.4846466782310057e-02 -3.6171155183351333e-01
    -2.7902558974889191e-01 8.8887299277695686e-01
    4.5028897237926546e-01 7.0402864437428148e-01 6.1523009695426145e-01
    -2.2019719321103141e-02 -3.9007749532184499e-01
    -2.7833719902994108e-01 8.7742981670366249e-01
    4.4695089129996685e-01 6.9161232913502269e-01 6.1740635938605037e-01
    -6.2195840894235091e-02 -3.9512157619713772e-01
    -2.9315773595250805e-01 8.6837155598864935e-01
    4.3484792821965512e-01 6.9344558149318891e-01 6.0630697972147707e-01
    -5.7148989462284520e-02 -3.4526738628661274e-01
    -3.2892870990254647e-01 8.7711477514182656e-01
    4.1640096841288365e-01 6.4291194947809527e-01 5.3762505973990704e-01
    -2.7287433680380738e-02 -4.6577501652446768e-01
    -9.2772829058553025e-02 8.7960345163786346e-01
    3.6250053049853531e-01 6.8117699906367213e-01 5.6156057196428721e-01
    -3.9027486859115106e-02 -3.9390713727970289e-01
    -2.5167995876370181e-01 8.8315979348375706e-01
    3.6271693337185718e-01 6.8231533272281486e-01 5.6134122685090393e-01
    1.1787443212562131e-01 -3.7689518455396309e-01
    -5.6971956788759504e-01 7.2074631603433692e-01
    2.0468190432223393e-01 6.4398689844217016e-01 5.0601503861953667e-01
    1.3969880936585080e-01 -5.0467832672659063e-01
    -2.7344285204972213e-01 8.0685378840104982e-01
    2.0970433164515129e-01 6.3075348320802371e-01 5.2048733469315811e-01
    1.1086688660397101e-01 -5.5748872078156786e-01
    -2.7944152863460237e-01 7.7383931906464287e-01
    2.1310007162235695e-01 6.8393752366115734e-01 5.7038189348412904e-01
    1.8356481501448149e-01 -4.8816278345031378e-01
    -3.8650176826865956e-01 7.6066907303238029e-01
    2.4960300703877997e-01 6.7287724566225737e-01 5.3985795396186353e-01
    1.6720195253379694e-01 -4.3999686422022638e-01
    -4.7830146423074649e-01 7.4140001069596539e-01
    -3.3254438611837925e-02 6.2207131795393988e-01
    6.5109104290255815e-01 1.2766194690401364e-01
    -5.0359077426156462e-01 -2.7168027089674573e-01
    8.1011640509051874e-01 5.7587084459620588e-02 6.0516439488112295e-01
    5.5636638924408888e-01 8.7365934977063103e-02
    -5.7000644089675578e-01 -2.7707165578442428e-01
    7.6856434233099469e-01 2.1088795804256555e-01 6.8053212605656832e-01
    5.7824507842915274e-01 2.3773655220983331e-01
    -5.0397881661110000e-01 -4.0762866108539242e-01
    7.2341244032183094e-01 1.0850399744250246e-01 6.0322236895318182e-01
    5.0256956083170534e-01 2.2998755492400838e-01
    -5.0531768812598599e-01 -2.6451106020422044e-01
    7.8853893859258739e-01 1.1348696716344407e-01 5.7769236156922599e-01
    5.1567141453498311e-01 1.7742833249567183e-01
    -5.6655810243497340e-01 -3.0169665061513185e-01
    7.4599613564729594e-01 1.1551166867336286e-01 5.8204367343013408e-01
    5.2174294649317887e-01 -9.2029785520509763e-02
    -6.0375171332411415e-01 8.0553409338640275e-02
    7.8773443207667848e-01 2.9036507816646706e-01 6.0235785835477884e-01
    6.2323230469577207e-01 1.9783280663429939e-01
    -4.1896529110140096e-01 -3.5889301429945086e-01
    8.1026296333879688e-01 2.0946217581399379e-01 5.2213632688045386e-01
    5.7646120315554628e-01 -1.2520074958692088e-02
    -5.2653768543549706e-01 -5.3489052473811159e-02
    8.4837505550594317e-01 1.9183787688238518e-01 5.4338856898284960e-01
    5.9572288640717941e-01 2.8026768818940933e-02
    -5.1947417109841632e-01 -5.0675376077830507e-02
    8.5252160796694965e-01 5.2573656070455388e-01 6.7671985213955932e-01
    8.5340008309378534e-01 -5.9095449730805577e-02
    -2.7000270973795859e-01 -3.3264701332156477e-01
    9.0163863553172807e-01 5.1152864275218757e-01 6.7844031257956727e-01
    8.0081455934354551e-01 -8.3966053210427674e-02
    -1.9173396445262075e-01 -3.2538466335982202e-01
    9.2212396652172535e-01 4.8388718105593082e-01 7.1246712369869325e-01
    7.7449943619471129e-01 -4.8556982788015353e-02
    -2.3756028352355499e-01 -2.6093237616542420e-01
    9.3440977423365923e-01 4.5202090584125193e-01 7.0167449856108111e-01
    7.3556653140030592e-01 -1.0864349906166551e-01
    -2.4602742376209322e-01 -1.7383474107071711e-01
    9.4733762707152203e-01</data></robotposes>
</opencv_storage>
