%YAML:1.0
---
ArmTipToMarkerTagTransform: !!opencv-matrix
   rows: 4
   cols: 4
   dt: d
   data: [ -7.4961345319910500e-03, -6.2612322720713154e-03,
       9.9995230133117508e-01, 2.6336491096791870e-02,
       -9.9983247341110315e-01, 1.6745367359190633e-02,
       -7.3903846071337598e-03, 3.8931677571320190e-02,
       -1.6698295712853362e-02, -9.9984018205033198e-01,
       -6.3857088756984481e-03, 7.9201424036532006e-02, 0., 0., 0., 1. ]
