%YAML:1.0
---
frameCount: 43
T1_0: !!opencv-matrix
   rows: 4
   cols: 4
   dt: d
   data: [ 6.1251057570312928e-01, 2.0542096732217005e-02,
       7.9019542957022060e-01, 1.1872319954455726e-01,
       -1.2580208920928737e-01, 9.8945427130153585e-01,
       7.1791917050077453e-02, 1.0196811159066792e-01,
       -7.8038748644657263e-01, -1.4338154436673828e-01,
       6.0863544403247616e-01, 5.8129271586558262e-01, 0., 0., 0., 1. ]
T2_0: !!opencv-matrix
   rows: 4
   cols: 4
   dt: d
   data: [ 1.2048619871542865e-01, 8.0102090748892318e-01,
       -5.8638603469449069e-01, 3.6429564712215740e-01,
       9.8039867157754323e-01, -3.2560731318891367e-03,
       1.9699706281249094e-01, -2.4365853900700393e-01,
       1.5588945021423020e-01, -5.9862751670248326e-01,
       -7.8571214548237922e-01, 7.1148156402313423e-01, 0., 0., 0., 1. ]
T1_1: !!opencv-matrix
   rows: 4
   cols: 4
   dt: d
   data: [ 7.0032749685403484e-01, 3.7396160349514262e-02,
       7.1284144404017025e-01, 9.0114306697553270e-02,
       -2.0376929900305474e-01, 9.6754719555088176e-01,
       1.4943392240528078e-01, 1.0065730531142389e-01,
       -6.8411948512958287e-01, -2.4990788617556112e-01,
       6.8522009492811675e-01, 6.3260463118010646e-01, 0., 0., 0., 1. ]
T2_1: !!opencv-matrix
   rows: 4
   cols: 4
   dt: d
   data: [ 1.3255882917987549e-01, 7.3759492096785584e-01,
       -6.6210413785814937e-01, 3.9128577660701469e-01,
       9.5685840240183961e-01, 7.9021646758187236e-02,
       2.7960253413841540e-01, -2.4674968400376932e-01,
       2.5855396836919758e-01, -6.7060369213571069e-01,
       -6.9529888072288282e-01, 7.7215269561441491e-01, 0., 0., 0., 1. ]
T1_2: !!opencv-matrix
   rows: 4
   cols: 4
   dt: d
   data: [ 5.3827351064591411e-01, 1.8046232519054028e-01,
       8.2322231318383654e-01, 1.4189373386135773e-01,
       -3.3311787295102457e-01, 9.4281945970337599e-01,
       1.1133244146214943e-02, 8.1663944622282936e-02,
       -7.7414088540620818e-01, -2.8022279634508307e-01,
       5.6760996639508909e-01, 5.6578517485673885e-01, 0., 0., 0., 1. ]
T2_2: !!opencv-matrix
   rows: 4
   cols: 4
   dt: d
   data: [ 2.7102946209445822e-01, 8.2763571899790256e-01,
       -4.9148972249235634e-01, 3.3929485046591279e-01,
       9.2203584113160242e-01, -7.6608480807906387e-02,
       3.7944834739005406e-01, -1.9627047866830005e-01,
       2.7639272484189448e-01, -5.5601282117153505e-01,
       -7.8387295166203019e-01, 6.9551531508745090e-01, 0., 0., 0., 1. ]
T1_3: !!opencv-matrix
   rows: 4
   cols: 4
   dt: d
   data: [ 6.2374246926457255e-01, -1.8439080128553881e-01,
       7.5956919660884803e-01, 1.0115636252706225e-01,
       -1.0815637374899051e-01, 9.4206693639023642e-01,
       3.1750919069813216e-01, 1.2871302536651619e-01,
       -7.7411080011404221e-01, -2.8019621653689603e-01,
       5.6766411669684258e-01, 5.6579728331675783e-01, 0., 0., 0., 1. ]
T2_3: !!opencv-matrix
   rows: 4
   cols: 4
   dt: d
   data: [ -8.6593076097742472e-02, 7.9120325754980270e-01,
       -6.0539164547795909e-01, 3.9158216566673471e-01,
       9.5282164408313164e-01, 2.4322274635019414e-01,
       1.8158637125232430e-01, -2.8848248524707570e-01,
       2.9091674709209914e-01, -5.6110614049433583e-01,
       -7.7493699444593678e-01, 6.8212540458645843e-01, 0., 0., 0., 1. ]
T1_4: !!opencv-matrix
   rows: 4
   cols: 4
   dt: d
   data: [ 5.4969337662336915e-01, -1.8982300420513856e-01,
       8.1351362543655947e-01, 1.1803662352318893e-01,
       5.5129023807366506e-02, 9.7996062652436278e-01,
       1.9141045215981589e-01, 1.3242392751435528e-01,
       -8.3354542913415675e-01, -6.0368845744425928e-02,
       5.4914262267014036e-01, 5.2206671819805084e-01, 0., 0., 0., 1. ]
T2_4: !!opencv-matrix
   rows: 4
   cols: 4
   dt: d
   data: [ -9.2362965193219626e-02, 8.2799014987967279e-01,
       -5.5308353289801837e-01, 3.7526927500379681e-01,
       9.9374728262239442e-01, 1.1164644397735513e-01,
       1.1873617050092711e-03, -2.7687182769741880e-01,
       6.2732933466588342e-02, -5.4951558963276792e-01,
       -8.3312495810006126e-01, 6.4224994037863470e-01, 0., 0., 0., 1. ]
T1_5: !!opencv-matrix
   rows: 4
   cols: 4
   dt: d
   data: [ 5.4964357780180562e-01, -4.3779117184194055e-01,
       7.1149900016689471e-01, 1.1803438377987580e-01,
       5.5138511842959592e-02, 8.6884165835543192e-01,
       4.9201007837027755e-01, 1.3242868734230484e-01,
       -8.3357763999100543e-01, -2.3119918374302986e-01,
       5.0169239135508370e-01, 5.2206371419367903e-01, 0., 0., 0., 1. ]
T2_5: !!opencv-matrix
   rows: 4
   cols: 4
   dt: d
   data: [ -3.4836826500465823e-01, 7.5837342919866613e-01,
       -5.5091677576844578e-01, 3.8847191248163199e-01,
       9.0743669960298523e-01, 4.2016393152453257e-01,
       4.5724019387401171e-03, -2.9887505577366347e-01,
       2.3494294658764647e-01, -4.9832922102893351e-01,
       -8.3454766150137338e-01, 6.3325233531609526e-01, 0., 0., 0., 1. ]
T1_6: !!opencv-matrix
   rows: 4
   cols: 4
   dt: d
   data: [ 4.4306604022505525e-01, 2.6257714415523048e-01,
       8.5717310233497923e-01, 1.7647062765726798e-01,
       -3.2993355033569127e-01, 9.3679684846206157e-01,
       -1.1642816272034470e-01, 1.8193543403822926e-02,
       -8.3356843532020541e-01, -2.3122479987845704e-01,
       5.0169587955153860e-01, 5.2206514069342302e-01, 0., 0., 0., 1. ]
T2_6: !!opencv-matrix
   rows: 4
   cols: 4
   dt: d
   data: [ 3.5453612922271027e-01, 8.4131740907530062e-01,
       -4.0803082023616877e-01, 3.1524209321206548e-01,
       9.0767545606733946e-01, -2.0485970413699373e-01,
       3.6627553572938842e-01, -1.1869311142082804e-01,
       2.2456491161516043e-01, -5.0021747151386708e-01,
       -8.3627332951825539e-01, 6.3845339323798389e-01, 0., 0., 0., 1. ]
T1_7: !!opencv-matrix
   rows: 4
   cols: 4
   dt: d
   data: [ 6.4492244662753118e-01, 3.3557468957197994e-01,
       6.8663284625382470e-01, 5.3055074563847719e-02,
       -4.4613925445448549e-01, 8.9477721299698876e-01,
       -1.8262112039337253e-02, 8.9238102386410986e-02,
       -6.2051172710171643e-01, -2.9455622013464722e-01,
       7.2677495121202007e-01, 5.4537021635967553e-01, 0., 0., 0., 1. ]
T2_7: !!opencv-matrix
   rows: 4
   cols: 4
   dt: d
   data: [ 4.1931445165466319e-01, 6.8641029705829981e-01,
       -5.9415174385495639e-01, 4.3221551935103725e-01,
       8.6227964293570014e-01, -9.6400417475218880e-02,
       4.9717278373748991e-01, -1.9863718243505268e-01,
       2.8398804202330524e-01, -7.2079668673138331e-01,
       -6.3229971404772067e-01, 6.8608504140072124e-01, 0., 0., 0., 1. ]
T1_8: !!opencv-matrix
   rows: 4
   cols: 4
   dt: d
   data: [ 7.5102371830460402e-01, 1.1790743945781691e-01,
       6.4966238175257451e-01, 2.6058238603166198e-02,
       -1.7075078016795220e-01, 9.8513870560954531e-01,
       1.8598434933761718e-02, 9.3999593907248741e-02,
       -6.3781466400198294e-01, -1.2489822428862206e-01,
       7.5999532100769318e-01, 6.2897358807736548e-01, 0., 0., 0., 1. ]
T2_8: !!opencv-matrix
   rows: 4
   cols: 4
   dt: d
   data: [ 2.1858243762851137e-01, 6.6405663501240531e-01,
       -7.1501783436245758e-01, 4.5488084809326185e-01,
       9.6637917823462627e-01, -4.5638552621749540e-02,
       2.5303834964123539e-01, -2.3996789338047098e-01,
       1.3539941593281080e-01, -7.4628808647237066e-01,
       -6.5170629132643842e-01, 7.8317345079693657e-01, 0., 0., 0., 1. ]
T1_9: !!opencv-matrix
   rows: 4
   cols: 4
   dt: d
   data: [ 7.7005153736975429e-01, -8.6568037482176591e-02,
       6.3208116937697367e-01, 6.2500966566285503e-03,
       -1.3175439488220163e-02, 9.8838210659036196e-01,
       1.5141736745264892e-01, 9.7349194584544663e-02,
       -6.3784562206600603e-01, -1.2492712379016305e-01,
       7.5996458874920414e-01, 6.2896041754305032e-01, 0., 0., 0., 1. ]
