%YAML:1.0
---
frameCount: 43
T1_0: !!opencv-matrix
   rows: 4
   cols: 4
   dt: d
   data: [ 6.1251057570312928e-01, 2.0542096732217005e-02,
       7.9019542957022060e-01, 1.1872319954455726e-01,
       -1.2580208920928737e-01, 9.8945427130153585e-01,
       7.1791917050077453e-02, 1.0196811159066792e-01,
       -7.8038748644657263e-01, -1.4338154436673828e-01,
       6.0863544403247616e-01, 5.8129271586558262e-01, 0., 0., 0., 1. ]
T2_0: !!opencv-matrix
   rows: 4
   cols: 4
   dt: d
   data: [ 1.2048619871542865e-01, 8.0102090748892318e-01,
       -5.8638603469449069e-01, 3.6429564712215740e-01,
       9.8039867157754323e-01, -3.2560731318891367e-03,
       1.9699706281249094e-01, -2.4365853900700393e-01,
       1.5588945021423020e-01, -5.9862751670248326e-01,
       -7.8571214548237922e-01, 7.1148156402313423e-01, 0., 0., 0., 1. ]
T1_1: !!opencv-matrix
   rows: 4
   cols: 4
   dt: d
   data: [ 7.0032749685403484e-01, 3.7396160349514262e-02,
       7.1284144404017025e-01, 9.0114306697553270e-02,
       -2.0376929900305474e-01, 9.6754719555088176e-01,
       1.4943392240528078e-01, 1.0065730531142389e-01,
       -6.8411948512958287e-01, -2.4990788617556112e-01,
       6.8522009492811675e-01, 6.3260463118010646e-01, 0., 0., 0., 1. ]
T2_1: !!opencv-matrix
   rows: 4
   cols: 4
   dt: d
   data: [ 1.3255882917987549e-01, 7.3759492096785584e-01,
       -6.6210413785814937e-01, 3.9128577660701469e-01,
       9.5685840240183961e-01, 7.9021646758187236e-02,
       2.7960253413841540e-01, -2.4674968400376932e-01,
       2.5855396836919758e-01, -6.7060369213571069e-01,
       -6.9529888072288282e-01, 7.7215269561441491e-01, 0., 0., 0., 1. ]
T1_2: !!opencv-matrix
   rows: 4
   cols: 4
   dt: d
   data: [ 5.3827351064591411e-01, 1.8046232519054028e-01,
       8.2322231318383654e-01, 1.4189373386135773e-01,
       -3.3311787295102457e-01, 9.4281945970337599e-01,
       1.1133244146214943e-02, 8.1663944622282936e-02,
       -7.7414088540620818e-01, -2.8022279634508307e-01,
       5.6760996639508909e-01, 5.6578517485673885e-01, 0., 0., 0., 1. ]
T2_2: !!opencv-matrix
   rows: 4
   cols: 4
   dt: d
   data: [ 2.7102946209445822e-01, 8.2763571899790256e-01,
       -4.9148972249235634e-01, 3.3929485046591279e-01,
       9.2203584113160242e-01, -7.6608480807906387e-02,
       3.7944834739005406e-01, -1.9627047866830005e-01,
       2.7639272484189448e-01, -5.5601282117153505e-01,
       -7.8387295166203019e-01, 6.9551531508745090e-01, 0., 0., 0., 1. ]
T1_3: !!opencv-matrix
   rows: 4
   cols: 4
   dt: d
   data: [ 6.2374246926457255e-01, -1.8439080128553881e-01,
       7.5956919660884803e-01, 1.0115636252706225e-01,
       -1.0815637374899051e-01, 9.4206693639023642e-01,
       3.1750919069813216e-01, 1.2871302536651619e-01,
       -7.7411080011404221e-01, -2.8019621653689603e-01,
       5.6766411669684258e-01, 5.6579728331675783e-01, 0., 0., 0., 1. ]
T2_3: !!opencv-matrix
   rows: 4
   cols: 4
   dt: d
   data: [ -8.6593076097742472e-02, 7.9120325754980270e-01,
       -6.0539164547795909e-01, 3.9158216566673471e-01,
       9.5282164408313164e-01, 2.4322274635019414e-01,
       1.8158637125232430e-01, -2.8848248524707570e-01,
       2.9091674709209914e-01, -5.6110614049433583e-01,
       -7.7493699444593678e-01, 6.8212540458645843e-01, 0., 0., 0., 1. ]
T1_4: !!opencv-matrix
   rows: 4
   cols: 4
   dt: d
   data: [ 5.4969337662336915e-01, -1.8982300420513856e-01,
       8.1351362543655947e-01, 1.1803662352318893e-01,
       5.5129023807366506e-02, 9.7996062652436278e-01,
       1.9141045215981589e-01, 1.3242392751435528e-01,
       -8.3354542913415675e-01, -6.0368845744425928e-02,
       5.4914262267014036e-01, 5.2206671819805084e-01, 0., 0., 0., 1. ]
T2_4: !!opencv-matrix
   rows: 4
   cols: 4
   dt: d
   data: [ -9.2362965193219626e-02, 8.2799014987967279e-01,
       -5.5308353289801837e-01, 3.7526927500379681e-01,
       9.9374728262239442e-01, 1.1164644397735513e-01,
       1.1873617050092711e-03, -2.7687182769741880e-01,
       6.2732933466588342e-02, -5.4951558963276792e-01,
       -8.3312495810006126e-01, 6.4224994037863470e-01, 0., 0., 0., 1. ]
T1_5: !!opencv-matrix
   rows: 4
   cols: 4
   dt: d
   data: [ 5.4964357780180562e-01, -4.3779117184194055e-01,
       7.1149900016689471e-01, 1.1803438377987580e-01,
       5.5138511842959592e-02, 8.6884165835543192e-01,
       4.9201007837027755e-01, 1.3242868734230484e-01,
       -8.3357763999100543e-01, -2.3119918374302986e-01,
       5.0169239135508370e-01, 5.2206371419367903e-01, 0., 0., 0., 1. ]
T2_5: !!opencv-matrix
   rows: 4
   cols: 4
   dt: d
   data: [ -3.4836826500465823e-01, 7.5837342919866613e-01,
       -5.5091677576844578e-01, 3.8847191248163199e-01,
       9.0743669960298523e-01, 4.2016393152453257e-01,
       4.5724019387401171e-03, -2.9887505577366347e-01,
       2.3494294658764647e-01, -4.9832922102893351e-01,
       -8.3454766150137338e-01, 6.3325233531609526e-01, 0., 0., 0., 1. ]
T1_6: !!opencv-matrix
   rows: 4
   cols: 4
   dt: d
   data: [ 4.4306604022505525e-01, 2.6257714415523048e-01,
       8.5717310233497923e-01, 1.7647062765726798e-01,
       -3.2993355033569127e-01, 9.3679684846206157e-01,
       -1.1642816272034470e-01, 1.8193543403822926e-02,
       -8.3356843532020541e-01, -2.3122479987845704e-01,
       5.0169587955153860e-01, 5.2206514069342302e-01, 0., 0., 0., 1. ]
T2_6: !!opencv-matrix
   rows: 4
   cols: 4
   dt: d
   data: [ 3.5453612922271027e-01, 8.4131740907530062e-01,
       -4.0803082023616877e-01, 3.1524209321206548e-01,
       9.0767545606733946e-01, -2.0485970413699373e-01,
       3.6627553572938842e-01, -1.1869311142082804e-01,
       2.2456491161516043e-01, -5.0021747151386708e-01,
       -8.3627332951825539e-01, 6.3845339323798389e-01, 0., 0., 0., 1. ]
T1_7: !!opencv-matrix
   rows: 4
   cols: 4
   dt: d
   data: [ 6.4492244662753118e-01, 3.3557468957197994e-01,
       6.8663284625382470e-01, 5.3055074563847719e-02,
       -4.4613925445448549e-01, 8.9477721299698876e-01,
       -1.8262112039337253e-02, 8.9238102386410986e-02,
       -6.2051172710171643e-01, -2.9455622013464722e-01,
       7.2677495121202007e-01, 5.4537021635967553e-01, 0., 0., 0., 1. ]
T2_7: !!opencv-matrix
   rows: 4
   cols: 4
   dt: d
   data: [ 4.1931445165466319e-01, 6.8641029705829981e-01,
       -5.9415174385495639e-01, 4.3221551935103725e-01,
       8.6227964293570014e-01, -9.6400417475218880e-02,
       4.9717278373748991e-01, -1.9863718243505268e-01,
       2.8398804202330524e-01, -7.2079668673138331e-01,
       -6.3229971404772067e-01, 6.8608504140072124e-01, 0., 0., 0., 1. ]
T1_8: !!opencv-matrix
   rows: 4
   cols: 4
   dt: d
   data: [ 7.5102371830460402e-01, 1.1790743945781691e-01,
       6.4966238175257451e-01, 2.6058238603166198e-02,
       -1.7075078016795220e-01, 9.8513870560954531e-01,
       1.8598434933761718e-02, 9.3999593907248741e-02,
       -6.3781466400198294e-01, -1.2489822428862206e-01,
       7.5999532100769318e-01, 6.2897358807736548e-01, 0., 0., 0., 1. ]
T2_8: !!opencv-matrix
   rows: 4
   cols: 4
   dt: d
   data: [ 2.1858243762851137e-01, 6.6405663501240531e-01,
       -7.1501783436245758e-01, 4.5488084809326185e-01,
       9.6637917823462627e-01, -4.5638552621749540e-02,
       2.5303834964123539e-01, -2.3996789338047098e-01,
       1.3539941593281080e-01, -7.4628808647237066e-01,
       -6.5170629132643842e-01, 7.8317345079693657e-01, 0., 0., 0., 1. ]
T1_9: !!opencv-matrix
   rows: 4
   cols: 4
   dt: d
   data: [ 7.7005153736975429e-01, -8.6568037482176591e-02,
       6.3208116937697367e-01, 6.2500966566285503e-03,
       -1.3175439488220163e-02, 9.8838210659036196e-01,
       1.5141736745264892e-01, 9.7349194584544663e-02,
       -6.3784562206600603e-01, -1.2492712379016305e-01,
       7.5996458874920414e-01, 6.2896041754305032e-01, 0., 0., 0., 1. ]
T2_9: !!opencv-matrix
   rows: 4
   cols: 4
   dt: d
   data: [ 2.0780409272118661e-02, 6.5135701994084472e-01,
       -7.5848678773216971e-01, 4.8634068556050281e-01,
       9.8914681117515824e-01, 9.6977976994157777e-02,
       1.1038051422301165e-01, -2.7057781778604983e-01,
       1.4545363705490183e-01, -7.5254853966498580e-01,
       -6.4227247715871982e-01, 7.6730874435453023e-01, 0., 0., 0., 1. ]
T1_10: !!opencv-matrix
   rows: 4
   cols: 4
   dt: d
   data: [ 5.1778598508121876e-01, -1.3616075721965440e-01,
       8.4460518696420661e-01, 8.5956004793782306e-02,
       -7.4596691956365452e-02, 9.7630724846730255e-01,
       2.0312432188039903e-01, 1.1674414588770518e-01,
       -8.5225172760320000e-01, -1.6817968005551431e-01,
       4.9536106832671634e-01, 4.8002258781475537e-01, 0., 0., 0., 1. ]
T2_10: !!opencv-matrix
   rows: 4
   cols: 4
   dt: d
   data: [ -3.9038334848006340e-02, 8.6039819003874163e-01,
       -5.0812494820698650e-01, 4.0778743827839825e-01,
       9.8610243851713686e-01, 1.1535298716650144e-01,
       1.1956449766683072e-01, -2.5755216322648511e-01,
       1.6148680801493229e-01, -4.9639565160245180e-01,
       -8.5294394183165778e-01, 5.9907220864208321e-01, 0., 0., 0., 1. ]
T1_11: !!opencv-matrix
   rows: 4
   cols: 4
   dt: d
   data: [ 6.4906543758221247e-01, -1.1025605231676448e-01,
       7.5270024622271381e-01, 8.8070628426703698e-02,
       -4.2682839349487037e-02, 9.8260455021751381e-01,
       1.8073868738292681e-01, 1.1725611727379047e-01,
       -7.5953422106003698e-01, -1.4943861890207755e-01,
       6.3306861098885858e-01, 5.0069636817669072e-01, 0., 0., 0., 1. ]
T2_11: !!opencv-matrix
   rows: 4
   cols: 4
   dt: d
   data: [ -9.7139664521521674e-03, 7.6825580500311197e-01,
       -6.4006925948274307e-01, 4.0461764435074749e-01,
       9.8728891014914077e-01, 1.0891800291181941e-01,
       1.1574746881993958e-01, -2.6744422748364388e-01,
       1.5863873030344283e-01, -6.3080891458564659e-01,
       -7.5954846226359396e-01, 6.2537572010635123e-01, 0., 0., 0., 1. ]
T1_12: !!opencv-matrix
   rows: 4
   cols: 4
   dt: d
   data: [ 6.4901944465074590e-01, -5.6193604644948958e-01,
       5.1283685531166190e-01, 8.8073980654258602e-02,
       -4.2665189653975477e-02, 6.4615488696195722e-01,
       7.6201282380742819e-01, 1.1725732775695719e-01,
       -7.5957451382799024e-01, -5.1644142141766403e-01,
       3.9539197789924230e-01, 5.0069067027674274e-01, 0., 0., 0., 1. ]
T2_12: !!opencv-matrix
   rows: 4
   cols: 4
   dt: d
   data: [ -4.9117227793513307e-01, 5.8868861626793156e-01,
       -6.4202453727607656e-01, 4.3830326031850625e-01,
       7.0039081112073232e-01, 7.0512003610652529e-01,
       1.1071786838074077e-01, -2.9619095533458201e-01,
       5.1788271363857563e-01, -3.9528653880151349e-01,
       -7.5864751179758350e-01, 5.9623519273079473e-01, 0., 0., 0., 1. ]
T1_13: !!opencv-matrix
   rows: 4
   cols: 4
   dt: d
   data: [ 5.2834443097274453e-01, -6.3455593793608456e-01,
       5.6408414610777957e-01, 1.0976545037736546e-01,
       -7.2031377136898334e-02, 6.2848975354928571e-01,
       7.7447537752424389e-01, 1.2253672494612181e-01,
       -8.4596905556163737e-01, -4.4982151050568286e-01,
       2.8635112313126543e-01, 4.2614666371226501e-01, 0., 0., 0., 1. ]
T2_13: !!opencv-matrix
   rows: 4
   cols: 4
   dt: d
   data: [ -5.6908073566863471e-01, 6.4130481325345645e-01,
       -5.1466032758392710e-01, 4.1544124071618671e-01,
       6.9393918138070387e-01, 7.1033069801191639e-01,
       1.1780794543061252e-01, -2.9373880750737996e-01,
       4.4112983217588486e-01, -2.9010073415945192e-01,
       -8.4926205331724480e-01, 5.2108669069577640e-01, 0., 0., 0., 1. ]
T1_14: !!opencv-matrix
   rows: 4
   cols: 4
   dt: d
   data: [ 7.7498581365680419e-01, -1.4449324853884035e-01,
       6.1523872582713302e-01, -6.5019035568002093e-02,
       5.3907511080815255e-02, 9.8507802557174085e-01,
       1.6344804613317476e-01, 7.6631670501952256e-02,
       -6.2967528844617449e-01, -9.3503928593260496e-02,
       7.7121076655986431e-01, 5.6997167856584041e-01, 0., 0., 0., 1. ]
T2_14: !!opencv-matrix
   rows: 4
   cols: 4
   dt: d
   data: [ -4.2335037011865362e-02, 6.3741475280712767e-01,
       -7.6935698966411714e-01, 5.6234748251379629e-01,
       9.9331437598174599e-01, 1.0962832324725513e-01,
       3.6168787787126455e-02, -2.5145406214409549e-01,
       1.0739783568209771e-01, -7.6268215112576465e-01,
       -6.3779435654839212e-01, 7.1481578008793512e-01, 0., 0., 0., 1. ]
T1_15: !!opencv-matrix
   rows: 4
   cols: 4
   dt: d
   data: [ 6.7232682690584200e-01, -1.6052882289368364e-01,
       7.2263900728032282e-01, -6.3369393308786701e-02,
       1.9846402957763007e-02, 9.7976152423427099e-01,
       1.9918201705921201e-01, 7.7184204166934459e-02,
       -7.3998834998421437e-01, -1.1957362857464221e-01,
       6.6190587641834209e-01, 5.5046093451560185e-01, 0., 0., 0., 1. ]
T2_15: !!opencv-matrix
   rows: 4
   cols: 4
   dt: d
   data: [ -6.1197701974774477e-02, 7.3876038223542140e-01,
       -6.7118398290810022e-01, 5.6603707595338892e-01,
       9.9035647185224218e-01, 1.2868025356441337e-01,
       5.1336643861646269e-02, -2.4381968147396768e-01,
       1.2429360375090071e-01, -6.6156971664517150e-01,
       -7.3951106150255908e-01, 6.8132636734401686e-01, 0., 0., 0., 1. ]
T1_16: !!opencv-matrix
   rows: 4
   cols: 4
   dt: d
   data: [ 7.6535143070003997e-01, -1.3603749441137919e-01,
       6.2907152823798651e-01, -8.9023093810757972e-02,
       5.2669738923074555e-02, 9.8736708393802664e-01,
       1.4943941969069974e-01, 7.2364774773354526e-02,
       -6.4145388464579212e-01, -8.1240640507026493e-02,
       7.6284786963249163e-01, 6.4580021939122345e-01, 0., 0., 0., 1. ]
T2_16: !!opencv-matrix
   rows: 4
   cols: 4
   dt: d
   data: [ -3.2760818773463374e-02, 6.4983364034545010e-01,
       -7.5937011307311286e-01, 5.8409407527198653e-01,
       9.9471801230190326e-01, 9.5147960585936886e-02,
       3.8508980751085553e-02, -2.5205223350217520e-01,
       9.7276948736289781e-02, -7.5409754373802129e-01,
       -6.4951835214475651e-01, 7.8882787663846587e-01, 0., 0., 0., 1. ]
T1_17: !!opencv-matrix
   rows: 4
   cols: 4
   dt: d
   data: [ 4.4054977592217737e-01, -1.8258862462736342e-01,
       8.7896375869065668e-01, 1.4089711453927428e-01,
       -4.5639990407280923e-02, 9.7327636567021991e-01,
       2.2505578709153778e-01, 1.4195420574633641e-01,
       -8.9656727924375113e-01, -1.3926417408815539e-01,
       4.2044334172989506e-01, 6.2116553431795540e-01, 0., 0., 0., 1. ]
T2_17: !!opencv-matrix
   rows: 4
   cols: 4
   dt: d
   data: [ -8.5468057227329197e-02, 8.9557217017426483e-01,
       -4.3662993392934435e-01, 3.5304588787040553e-01,
       9.8683515656789600e-01, 1.3648186949156915e-01,
       8.6770231425889632e-02, -2.8159940478959089e-01,
       1.3730107412326442e-01, -4.2346568610625807e-01,
       -8.9544694300396932e-01, 7.2958147049958333e-01, 0., 0., 0., 1. ]
T1_18: !!opencv-matrix
   rows: 4
   cols: 4
   dt: d
   data: [ 6.3387287979092288e-01, -1.5376770640743623e-01,
       7.5799779995179317e-01, 1.4547838186137999e-01,
       1.2891720516805233e-02, 9.8200225916232653e-01,
       1.8842867760031526e-01, 1.4334046003535766e-01,
       -7.7332979756872089e-01, -1.0966793271637545e-01,
       6.2444693027193088e-01, 6.5071649876393189e-01, 0., 0., 0., 1. ]
T2_18: !!opencv-matrix
   rows: 4
   cols: 4
   dt: d
   data: [ -5.2978791969637395e-02, 7.7028784289024699e-01,
       -6.3549184628673916e-01, 3.5131716680857583e-01,
       9.9078029044397098e-01, 1.2000915949648838e-01,
       6.2866666085511891e-02, -2.9587234913575361e-01,
       1.2469027094845364e-01, -6.2630219601438175e-01,
       -7.6954395299967437e-01, 7.6980337641370888e-01, 0., 0., 0., 1. ]
T1_19: !!opencv-matrix
   rows: 4
   cols: 4
   dt: d
   data: [ 7.1071948333074375e-01, -1.4316785584118596e-01,
       6.8875306247443879e-01, -1.5089442938397545e-03,
       3.6133939832991201e-02, 9.8520892273032201e-01,
       1.6750437894187775e-01, 9.8853654347755698e-02,
       -7.0254690548477006e-01, -9.4161263937968642e-02,
       7.0538039522471685e-01, 5.3679125871682098e-01, 0., 0., 0., 1. ]
T2_19: !!opencv-matrix
   rows: 4
   cols: 4
   dt: d
   data: [ -4.1488806230283171e-02, 7.0463948490350881e-01,
       -7.0835151956673603e-01, 4.9777439103270527e-01,
       9.9350721551022125e-01, 1.0426308210427249e-01,
       4.5526063296144170e-02, -2.6278222154828884e-01,
       1.0593437443395243e-01, -7.0186352378866057e-01,
       -7.0439016339543792e-01, 6.6997757703324723e-01, 0., 0., 0., 1. ]
T1_20: !!opencv-matrix
   rows: 4
   cols: 4
   dt: d
   data: [ 7.8910493442114404e-01, -1.7525955776524943e-01,
       5.8872530936263578e-01, -7.1885311258588561e-02,
       1.5095839268333588e-01, 9.8437025412094137e-01,
       9.0701524134586986e-02, 2.0038264616406919e-02,
       -5.9541999139318935e-01, 1.7300006179262084e-02,
       8.0322832596686466e-01, 5.9637013693943652e-01, 0., 0., 0., 1. ]
T2_20: !!opencv-matrix
   rows: 4
   cols: 4
   dt: d
   data: [ -7.3231089580943154e-02, 5.9890850652426741e-01,
       -7.9746210463674039e-01, 5.8369760988005293e-01,
       9.9729357338586522e-01, 3.8734515874449649e-02,
       -6.2491325503815143e-02, -1.9102463376713028e-01,
       -6.5372778768878481e-03, -7.9988013982898942e-01,
       -6.0012417540465490e-01, 7.4769375597957621e-01, 0., 0., 0., 1. ]
T1_21: !!opencv-matrix
   rows: 4
   cols: 4
   dt: d
   data: [ 7.3852647665875892e-01, 4.0535979520306697e-01,
       5.3875976066047027e-01, -4.8378132723209621e-02,
       -3.1627998409367586e-01, 9.1399383581102311e-01,
       -2.5413035977851361e-01, 5.6823495857348118e-02,
       -5.9543733082139194e-01, 1.7283070687242302e-02,
       8.0321583682838082e-01, 5.9637625765784796e-01, 0., 0., 0., 1. ]
T2_21: !!opencv-matrix
   rows: 4
   cols: 4
   dt: d
   data: [ 4.8619595702903662e-01, 5.1509732138410036e-01,
       -7.0589534696833356e-01, 5.4973457414097004e-01,
       8.7310280110696170e-01, -3.1974100388308768e-01,
       3.6804509117092232e-01, -1.5364032297747815e-01,
       -3.6124646265346283e-02, -7.9526124005810828e-01,
       -6.0518969752751373e-01, 7.5411165096386246e-01, 0., 0., 0., 1. ]
T1_22: !!opencv-matrix
   rows: 4
   cols: 4
   dt: d
   data: [ 5.5192491473695782e-01, 3.8512452504992617e-01,
       7.3963368548063757e-01, -4.7623144054559780e-02,
       -3.6837185913532428e-01, 9.0833155465620752e-01,
       -1.9808069116655963e-01, 5.7033958311997979e-02,
       -7.4811834751581041e-01, -1.6313456721647301e-01,
       6.4319985314776562e-01, 5.6258100448910719e-01, 0., 0., 0., 1. ]
T2_22: !!opencv-matrix
   rows: 4
   cols: 4
   dt: d
   data: [ 4.7396011526191972e-01, 7.1420896505440301e-01,
       -5.1504112784983125e-01, 5.3901235163264960e-01,
       8.6635559970198095e-01, -2.7364644971007435e-01,
       4.1778654289731770e-01, -1.7416252198704707e-01,
       1.5744771832557142e-01, -6.4422292321601682e-01,
       -7.4845643907784054e-01, 6.9059988345016343e-01, 0., 0., 0., 1. ]
T1_23: !!opencv-matrix
   rows: 4
   cols: 4
   dt: d
   data: [ 8.1341461377018454e-01, 3.9687911847051416e-01,
       4.2525713565696827e-01, -2.3422687200766026e-01,
       -2.9537893779104740e-01, 9.1162852310995379e-01,
       -2.8580538651641424e-01, 4.9399107904457909e-03,
       -5.0110672437569037e-01, 1.0686627706826875e-01,
       8.5876169547263459e-01, 5.0719136308867907e-01, 0., 0., 0., 1. ]
T2_23: !!opencv-matrix
   rows: 4
   cols: 4
   dt: d
   data: [ 4.8172808588768057e-01, 3.9863371055572594e-01,
       -7.8040323940611955e-01, 7.4439376066168195e-01,
       8.6806688567423473e-01, -3.3901068338961093e-01,
       3.6267290847752054e-01, -1.2711818120785723e-01,
       -1.1999138828610367e-01, -8.5215193560554836e-01,
       -5.0935169125162494e-01, 6.7314750088333797e-01, 0., 0., 0., 1. ]
T1_24: !!opencv-matrix
   rows: 4
   cols: 4
   dt: d
   data: [ 8.8266104860012262e-01, 1.1200783109948510e-01,
       4.5646874926605996e-01, -2.4250111652366735e-01,
       -1.9509027388003525e-01, 9.7088470829453455e-01,
       1.3900600072388741e-01, 9.3030510243667722e-03,
       -4.2760876782585355e-01, -2.1174779567264868e-01,
       8.7881375313898535e-01, 5.2051177534033544e-01, 0., 0., 0., 1. ]
T2_24: !!opencv-matrix
   rows: 4
   cols: 4
   dt: d
   data: [ 2.0263960207723353e-01, 4.8184181123567893e-01,
       -8.5250551940447916e-01, 7.4960956968622561e-01,
       9.5803516527027732e-01, 8.2694718288422342e-02,
       2.7446348695728329e-01, -1.7261722896365234e-01,
       2.0274568744003607e-01, -8.7234743795824765e-01,
       -4.4486417445344850e-01, 6.8929215660924292e-01, 0., 0., 0., 1. ]
T1_25: !!opencv-matrix
   rows: 4
   cols: 4
   dt: d
   data: [ 8.8265499743360354e-01, -2.6667524172823254e-01,
       3.8704582539367893e-01, -2.4249536938252345e-01,
       -1.9511397872683939e-01, 5.4127461644011443e-01,
       8.1789505738999879e-01, 9.3030514108153745e-03,
       -4.2761044282251559e-01, -7.9743721072370066e-01,
       4.2572667774328676e-01, 5.2051168349467070e-01, 0., 0., 0., 1. ]
T2_25: !!opencv-matrix
   rows: 4
   cols: 4
   dt: d
   data: [ -2.1958610458918359e-01, 4.7811744458636141e-01,
       -8.5040322897644005e-01, 7.6956864706784622e-01,
       5.7068913231099638e-01, 7.6993203055802717e-01,
       2.8551459259189382e-01, -2.1976731276988354e-01,
       7.9126219228108585e-01, -4.2262084366841246e-01,
       -4.4192280498241887e-01, 6.3407888851586136e-01, 0., 0., 0., 1. ]
T1_26: !!opencv-matrix
   rows: 4
   cols: 4
   dt: d
   data: [ 8.8265305426055729e-01, -4.5310919555910734e-01,
       1.2496256521169999e-01, -2.4250403764045736e-01,
       -1.9508578583429392e-01, -1.1128216344602748e-01,
       9.7445257260894325e-01, 9.2997158292435489e-03,
       -4.2762731667881759e-01, -8.8448195967953480e-01,
       -1.8661870493475208e-01, 5.2050979845510059e-01, 0., 0., 0., 1. ]
T2_26: !!opencv-matrix
   rows: 4
   cols: 4
   dt: d
   data: [ -4.7112885394900195e-01, 2.2789178478933594e-01,
       -8.5211673930408782e-01, 8.0320601414760806e-01,
       -5.9579954456205647e-02, 9.5562009611108811e-01,
       2.8851423004009885e-01, -2.1227603439546289e-01,
       8.8004990313259857e-01, 1.8669645506587851e-01,
       -4.3664241853275998e-01, 5.8401338438408767e-01, 0., 0., 0., 1. ]
T1_27: !!opencv-matrix
   rows: 4
   cols: 4
   dt: d
   data: [ 8.5447680221629907e-01, -3.9007362217974950e-01,
       3.4309177162062310e-01, -2.7211863853333079e-01,
       -3.7582217666217188e-01, -8.2125161742403474e-03,
       9.2665540850253247e-01, 5.8300748030600140e-02,
       -3.5864618498335510e-01, -9.2074704661902551e-01,
       -1.5361572230480558e-01, 5.3540951688561156e-01, 0., 0., 0., 1. ]
T2_27: !!opencv-matrix
   rows: 4
   cols: 4
   dt: d
   data: [ -3.9540144271123889e-01, 4.3854354935493822e-01,
       -8.0705467870587533e-01, 8.0384770645014714e-01,
       4.2154428361325852e-02, 8.8639625146023648e-01,
       4.6100400168194960e-01, -2.5071945887853586e-01,
       9.1754057309276560e-01, 1.4826071872351759e-01,
       -3.6896890927581594e-01, 5.9631015855283909e-01, 0., 0., 0., 1. ]
T1_28: !!opencv-matrix
   rows: 4
   cols: 4
   dt: d
   data: [ 8.7155580333143456e-01, -4.7552143372291378e-01,
       1.1945646800990872e-01, -2.6298241411487200e-01,
       -1.4220842387800525e-01, -1.2005503375260185e-02,
       9.8976392744272124e-01, 7.7974075473604812e-02,
       -4.6921982679489516e-01, -8.7962221092853898e-01,
       -7.8086619748568120e-02, 5.2252094010152328e-01, 0., 0., 0., 1. ]
T2_28: !!opencv-matrix
   rows: 4
   cols: 4
   dt: d
   data: [ -4.8314343864935605e-01, 2.2495994642573225e-01,
       -8.4614741043993491e-01, 8.1915183406926151e-01,
       3.7051723654354315e-02, 9.7081543873073961e-01,
       2.3694841990670235e-01, -2.9278475110068286e-01,
       8.7475687334499819e-01, 8.3128854353787751e-02,
       -4.7737826313051746e-01, 5.9390786963251208e-01, 0., 0., 0., 1. ]
T1_29: !!opencv-matrix
   rows: 4
   cols: 4
   dt: d
   data: [ 8.6614422082773701e-01, -2.5652990040283674e-01,
       4.2893659079871366e-01, -2.6341878177906664e-01,
       -1.8326441960074583e-01, 6.3543497189242282e-01,
       7.5009102714569098e-01, 7.4602610408514874e-02,
       -4.6498208700455784e-01, -7.2829582361523026e-01,
       5.0336552530889445e-01, 5.2287646407056132e-01, 0., 0., 0., 1. ]
T2_29: !!opencv-matrix
   rows: 4
   cols: 4
   dt: d
   data: [ -1.9748685743549288e-01, 5.1324659864011335e-01,
       -8.3521067409642680e-01, 7.8212910985241413e-01,
       6.5932065162113829e-01, 7.0004452876515422e-01,
       2.7428805313365490e-01, -2.9005015247404836e-01,
       7.2546207308592703e-01, -4.9650336024072128e-01,
       -4.7664367590847312e-01, 6.4271945195125713e-01, 0., 0., 0., 1. ]
T1_30: !!opencv-matrix
   rows: 4
   cols: 4
   dt: d
   data: [ 8.0695859983442075e-01, -1.2311773576454310e-01,
       5.7763296416797694e-01, -2.6828673959897542e-01,
       -4.0949463782943551e-01, 5.8814258958018661e-01,
       6.9742557732768262e-01, 5.5978224233075274e-02,
       -4.2559600531749658e-01, -7.9933116882936839e-01,
       4.2419066797333604e-01, 5.2612371788841761e-01, 0., 0., 0., 1. ]
T2_30: !!opencv-matrix
   rows: 4
   cols: 4
   dt: d
   data: [ -6.5914981783076199e-02, 6.4777868272615557e-01,
       -7.5897166836589058e-01, 7.7505917635860755e-01,
       6.0970041498859850e-01, 6.2826430076651674e-01,
       4.8326946142404914e-01, -2.4457998485067869e-01,
       7.8988645965054205e-01, -4.3089064342118932e-01,
       -4.3636296161888688e-01, 6.3004316152617346e-01, 0., 0., 0., 1. ]
T1_31: !!opencv-matrix
   rows: 4
   cols: 4
   dt: d
   data: [ 8.0699026401714558e-01, 3.9071224736715648e-01,
       4.4284382522379567e-01, -2.6831348276377226e-01,
       -4.0950626557823544e-01, 9.1051907266820309e-01,
       -5.7093228666833321e-02, 5.5980804497606652e-02,
       -4.2552477276147566e-01, -1.3527364142633824e-01,
       8.9477914018016369e-01, 5.2612810695792045e-01, 0., 0., 0., 1. ]
T2_31: !!opencv-matrix
   rows: 4
   cols: 4
   dt: d
   data: [ 4.7721939000121727e-01, 4.3865154048003407e-01,
       -7.6147651299390673e-01, 7.6972585015513806e-01,
       8.6952527030259275e-01, -1.1024467987050190e-01,
       4.8142695693682763e-01, -2.0019513140249373e-01,
       1.2722994188503528e-01, -8.9186934950963748e-01,
       -4.3402949818323067e-01, 6.8845995487576994e-01, 0., 0., 0., 1. ]
T1_32: !!opencv-matrix
   rows: 4
   cols: 4
   dt: d
   data: [ 6.2815944345936914e-01, -3.5565313544837207e-01,
       6.9204520144175385e-01, -7.6786955663378509e-03,
       -5.5956279144013660e-02, 8.6646988828236637e-01,
       4.9608348846167089e-01, 8.8490428966803203e-02,
       -7.7606997649514364e-01, -3.5034380249361546e-01,
       5.2438021667216017e-01, 5.8488394675428390e-01, 0., 0., 0., 1. ]
T2_32: !!opencv-matrix
   rows: 4
   cols: 4
   dt: d
   data: [ -2.6561378063527274e-01, 7.4030149392383526e-01,
       -6.1757834938635536e-01, 5.1870499452097429e-01,
       8.9753018290960984e-01, 4.2375578257863622e-01,
       1.2194510034195674e-01, -2.6595713068792992e-01,
       3.5197853670767998e-01, -5.2190490975397563e-01,
       -7.7699831072648751e-01, 6.9997538230421885e-01, 0., 0., 0., 1. ]
T1_33: !!opencv-matrix
   rows: 4
   cols: 4
   dt: d
   data: [ 8.3578172633630055e-01, -2.6868818254581334e-01,
       4.7882728251692264e-01, -1.6142117399605960e-01,
       1.2589312262657926e-01, 9.4262718060052886e-01,
       3.0920045289169118e-01, -4.6195312673217463e-02,
       -5.3443411904335059e-01, -1.9814302650692897e-01,
       8.2165656660738262e-01, 5.6400084277442442e-01, 0., 0., 0., 1. ]
T2_33: !!opencv-matrix
   rows: 4
   cols: 4
   dt: d
   data: [ -1.7175267733468624e-01, 5.1923058350374429e-01,
       -8.3719807631332288e-01, 6.8559250158860530e-01,
       9.6320854622925922e-01, 2.6682922653486152e-01,
       -3.2116356233616528e-02, -1.4969012744903137e-01,
       2.0671312077196319e-01, -8.1191241216104637e-01,
       -5.4595596954291747e-01, 7.1866181562894382e-01, 0., 0., 0., 1. ]
T1_34: !!opencv-matrix
   rows: 4
   cols: 4
   dt: d
   data: [ 6.6612597159161191e-01, -3.3863227001381857e-01,
       6.6453320133490656e-01, -1.5850982917919118e-01,
       -2.2720915068740605e-02, 8.8136023645351702e-01,
       4.7189818140891332e-01, -4.3645856288021395e-02,
       -7.4549309184563883e-01, -3.2944243701121584e-01,
       5.7940290878329292e-01, 5.2264226856935569e-01, 0., 0., 0., 1. ]
T2_34: !!opencv-matrix
   rows: 4
   cols: 4
   dt: d
   data: [ -2.5007383657134952e-01, 7.1404647163415425e-01,
       -6.5391185385287287e-01, 6.8513320384038912e-01,
       9.1214538188485295e-01, 4.0025658571096934e-01,
       8.8235298498578751e-02, -1.4706057470100037e-01,
       3.2473662954557780e-01, -5.7439733803510307e-01,
       -7.5140789155395882e-01, 6.5562660047034349e-01, 0., 0., 0., 1. ]
T1_35: !!opencv-matrix
   rows: 4
   cols: 4
   dt: d
   data: [ 6.2480933173430775e-01, 2.2303408866210836e-01,
       7.4824400717439132e-01, -1.6190138722383174e-01,
       5.7236388226062612e-02, 9.4266974849990925e-01,
       -3.2878220926010171e-01, -3.7056128514342097e-02,
       -7.7867663047028912e-01, 2.4825297693639173e-01,
       5.7622318992006583e-01, 5.1990937568168261e-01, 0., 0., 0., 1. ]
T2_35: !!opencv-matrix
   rows: 4
   cols: 4
   dt: d
   data: [ 3.1493068387583922e-01, 7.1637148922590921e-01,
       -6.2259983438622069e-01, 6.6770922648339592e-01,
       9.1533911799821177e-01, -4.0268373817180225e-01,
       -3.2569040418323203e-04, -9.2697971552209685e-02,
       -2.5094414401565956e-01, -5.6978741337119465e-01,
       -7.8254031215523412e-01, 6.7332655687247067e-01, 0., 0., 0., 1. ]
T1_36: !!opencv-matrix
   rows: 4
   cols: 4
   dt: d
   data: [ 6.0224442904339037e-01, 3.8141081943529179e-02,
       7.9740009126810218e-01, -1.5179827194161963e-01,
       1.7601791510124221e-01, 9.6793166861102287e-01,
       -1.7923721283063115e-01, -6.7413223801173067e-02,
       -7.7866510211361895e-01, 2.4830131447106368e-01,
       5.7621794139225602e-01, 5.1991093843382141e-01, 0., 0., 0., 1. ]
T2_36: !!opencv-matrix
   rows: 4
   cols: 4
   dt: d
   data: [ 1.3002325407057125e-01, 7.7744898352973602e-01,
       -6.1535927019057746e-01, 6.6123619112675713e-01,
       9.5735217389028548e-01, -2.5994066183488673e-01,
       -1.2612560197036149e-01, -7.0302237890268043e-02,
       -2.5801311700850504e-01, -5.7271627385069268e-01,
       -7.7809080518801554e-01, 6.6404819103620105e-01, 0., 0., 0., 1. ]
T1_37: !!opencv-matrix
   rows: 4
   cols: 4
   dt: d
   data: [ 4.8479580425467994e-01, 6.0140691722118028e-02,
       8.7255723329546886e-01, -8.9020911049349533e-02,
       2.4169371719091799e-02, 9.9633095712590780e-01,
       -8.2100337047279218e-02, 1.3733844041901477e-02,
       -8.7429335445705092e-01, 6.0891059046116511e-02,
       4.8156350493001432e-01, 5.4193178502666206e-01, 0., 0., 0., 1. ]
T2_37: !!opencv-matrix
   rows: 4
   cols: 4
   dt: d
   data: [ 1.5671492543417076e-01, 8.6532573366465027e-01,
       -4.7607962233632450e-01, 5.8146589929830417e-01,
       9.8500603059890990e-01, -1.7214628456775682e-01,
       1.1347968685923832e-02, -1.4897495890465376e-01,
       -7.2135648814868586e-02, -4.7071969511297485e-01,
       -8.7932895824191215e-01, 6.7699409832006152e-01, 0., 0., 0., 1. ]
T1_38: !!opencv-matrix
   rows: 4
   cols: 4
   dt: d
   data: [ 6.3354729467074744e-01, 2.6862757242744839e-02,
       7.7323749112979168e-01, -8.4967509281632131e-02,
       2.1649319098327030e-01, 9.5332046235095536e-01,
       -2.1050129291964462e-01, 1.8980336443349295e-02,
       -7.4279776768192995e-01, 3.0076317649652218e-01,
       5.9815799584262308e-01, 5.7750530490632412e-01, 0., 0., 0., 1. ]
T2_38: !!opencv-matrix
   rows: 4
   cols: 4
   dt: d
   data: [ 1.1768106692616054e-01, 7.4584931830755674e-01,
       -6.5563706489739693e-01, 5.8734870842059883e-01,
       9.4643262807469641e-01, -2.8415143341875471e-01,
       -1.5337289004804744e-01, -1.5612524244015422e-01,
       -3.0069327728225648e-01, -6.0246722505562067e-01,
       -7.3933537432685847e-01, 7.1484455782443335e-01, 0., 0., 0., 1. ]
T1_39: !!opencv-matrix
   rows: 4
   cols: 4
   dt: d
   data: [ 7.2297151425803152e-01, -3.4085705756857354e-01,
       6.0093981052776257e-01, -1.3472162916733305e-01,
       3.4548915123153401e-01, 9.3162172148680977e-01,
       1.1277506122927761e-01, -4.4219108991280801e-02,
       -5.9828875633155865e-01, 1.2608502829300250e-01,
       7.9129838220963744e-01, 6.4890962145415543e-01, 0., 0., 0., 1. ]
T2_39: !!opencv-matrix
   rows: 4
   cols: 4
   dt: d
   data: [ -2.4586360829956089e-01, 6.2128607963778548e-01,
       -7.4401256263737348e-01, 6.5521379170883909e-01,
       9.6119029237039033e-01, 5.7160182561704631e-02,
       -2.6989986176809405e-01, -1.3217885905971721e-01,
       -1.2515713310412524e-01, -7.8149620650251661e-01,
       -6.1122775726837908e-01, 8.1890590932648166e-01, 0., 0., 0., 1. ]
T1_40: !!opencv-matrix
   rows: 4
   cols: 4
   dt: d
   data: [ 7.0457803753804105e-01, -3.0908601181389950e-01,
       6.3877666388184595e-01, -6.7960890019922976e-02,
       6.0467387198746655e-02, 9.2303497874516471e-01,
       3.7993436682968040e-01, 2.0564789604795984e-02,
       -7.0704560256351190e-01, -2.2906825470564718e-01,
       6.6903979745730302e-01, 5.6487280173638821e-01, 0., 0., 0., 1. ]
T2_40: !!opencv-matrix
   rows: 4
   cols: 4
   dt: d
   data: [ -2.1379185904019682e-01, 6.7525247849102865e-01,
       -7.0592289331049440e-01, 5.8534315241659163e-01,
       9.4829467513096921e-01, 3.1698673604137928e-01,
       1.6019309975231988e-02, -2.0278352421490084e-01,
       2.3458527261187193e-01, -6.6599812271924308e-01,
       -7.0810751331140231e-01, 6.9378892462374586e-01, 0., 0., 0., 1. ]
T1_41: !!opencv-matrix
   rows: 4
   cols: 4
   dt: d
   data: [ 6.2003326945489456e-01, -3.4048008555918768e-01,
       7.0684655768185101e-01, -3.7804670674112771e-02,
       -4.8770376600913989e-02, 8.8246029493611566e-01,
       4.6785176950340673e-01, 5.9540665750851526e-02,
       -7.8305823227604154e-01, -3.2455683508265859e-01,
       5.3054939983553728e-01, 4.9315171337423569e-01, 0., 0., 0., 1. ]
T2_41: !!opencv-matrix
   rows: 4
   cols: 4
   dt: d
   data: [ -2.5112988900073963e-01, 7.5179648549881606e-01,
       -6.0970142138763683e-01, 5.5074402954634516e-01,
       9.1355877091989834e-01, 3.9226873711047738e-01,
       1.0740395691535723e-01, -2.3345669263375707e-01,
       3.1991272391982317e-01, -5.3002573737261072e-01,
       -7.8532067768321223e-01, 6.1256322283816400e-01, 0., 0., 0., 1. ]
T1_42: !!opencv-matrix
   rows: 4
   cols: 4
   dt: d
   data: [ 6.1060895614327704e-01, -5.6327759172322878e-01,
       5.5666422315440500e-01, -5.2301492888645967e-02,
       1.1817034900401072e-01, 7.5985579137180659e-01,
       6.3926124936132012e-01, 4.7316663893537753e-02,
       -7.8306607083558921e-01, -3.2455743864716019e-01,
       5.3053746118903511e-01, 4.9314099630252006e-01, 0., 0., 0., 1. ]
T2_42: !!opencv-matrix
   rows: 4
   cols: 4
   dt: d
   data: [ -4.8575812473083335e-01, 6.1857665933161032e-01,
       -6.1757749375129389e-01, 5.8155023327998745e-01,
       8.1357460310409879e-01, 5.7828340616542540e-01,
       -6.0701460754433084e-02, -2.3393846807450869e-01,
       3.1958630984757896e-01, -5.3193159210922858e-01,
       -7.8416412304705019e-01, 6.0763880375517842e-01, 0., 0., 0., 1. ]
