%YAML:1.0
---
ArmTipToMarkerTagTransform: !!opencv-matrix
   rows: 4
   cols: 4
   dt: d
   data: [ 3.5193512493174273e-01, -2.3534150580366937e-03,
       9.3602143633404200e-01, 7.6174974831209288e-02,
       5.3196164949258513e-03, 9.9998571858168628e-01,
       5.1411381568975106e-04, 8.6505220441412452e-03,
       -9.3600927854355453e-01, 4.7983403623728504e-03,
       3.5194261806456650e-01, -7.4925968219316547e-02, 0., 0., 0., 1. ]
